"sloc","predictedValue","predictLabel","actualBugLabel"
0,9277,1,0
0,9276,1,0
0,9275,1,0
0,9274,1,0
0,9273,1,0
0,9272,1,0
0,9271,1,0
0,9270,1,0
0,9269,1,0
0,9268,1,0
0,9267,1,0
0,9266,1,0
0,9265,1,0
0,9264,1,0
0,9263,1,0
0,9262,1,0
0,9261,1,0
0,9260,1,0
0,9259,1,0
0,9258,1,0
0,9257,1,0
0,9256,1,0
0,9255,1,0
0,9254,1,0
0,9253,1,0
0,9252,1,0
0,9251,1,0
0,9250,1,0
0,9249,1,0
0,9248,1,0
0,9247,1,0
0,9246,1,0
0,9245,1,0
0,9244,1,0
0,9243,1,0
0,9242,1,0
0,9241,1,0
0,9240,1,0
0,9239,1,0
0,9238,1,0
0,9237,1,0
0,9236,1,0
0,9235,1,0
0,9234,1,0
0,9233,1,0
0,9232,1,0
0,9231,1,0
0,9230,1,0
0,9229,1,0
0,9228,1,0
0,9227,1,0
0,9226,1,0
0,9225,1,0
0,9224,1,0
0,9223,1,0
0,9222,1,0
0,9221,1,0
0,9220,1,0
0,9219,1,0
0,9218,1,0
0,9217,1,0
0,9216,1,0
0,9215,1,0
0,9214,1,0
0,9213,1,0
0,9212,1,0
0,9211,1,0
0,9210,1,0
0,9209,1,0
0,9208,1,0
0,9207,1,0
0,9206,1,0
0,9205,1,0
0,9204,1,0
0,9203,1,0
0,9202,1,0
0,9201,1,0
0,9200,1,0
0,9199,1,0
0,9198,1,0
0,9197,1,0
0,9196,1,0
0,9195,1,0
0,9194,1,0
0,9193,1,0
0,9192,1,0
0,9191,1,0
0,9190,1,0
0,9189,1,0
0,9188,1,0
0,9187,1,0
0,9186,1,0
0,9185,1,0
0,9184,1,0
0,9183,1,0
0,9182,1,0
0,9181,1,0
0,9180,1,0
0,9179,1,0
0,9178,1,0
0,9177,1,0
0,9176,1,0
0,9175,1,0
0,9174,1,0
0,9173,1,0
0,9172,1,0
0,9171,1,0
0,9170,1,0
0,9169,1,0
0,9168,1,0
0,9167,1,0
0,9166,1,0
0,9165,1,0
0,9164,1,0
0,9163,1,0
0,9162,1,0
0,9161,1,0
0,9160,1,0
0,9159,1,0
0,9158,1,0
0,9157,1,0
0,9156,1,0
0,9155,1,0
0,9154,1,0
0,9153,1,0
0,9152,1,0
0,9151,1,0
0,9150,1,0
0,9149,1,0
0,9148,1,0
0,9147,1,0
0,9146,1,0
0,9145,1,0
0,9144,1,0
0,9143,1,0
0,9142,1,0
0,9141,1,0
0,9140,1,0
0,9139,1,0
0,9138,1,0
0,9137,1,0
0,9136,1,0
0,9135,1,0
0,9134,1,0
0,9133,1,0
0,9132,1,0
0,9131,1,0
0,9130,1,0
0,9129,1,0
0,9128,1,0
0,9127,1,0
0,9126,1,0
0,9125,1,0
0,9124,1,0
0,9123,1,0
0,9122,1,0
0,9121,1,0
0,9120,1,0
0,9119,1,0
0,9118,1,0
0,9117,1,0
0,9116,1,0
0,9115,1,0
0,9114,1,0
0,9113,1,0
0,9112,1,0
0,9111,1,0
0,9110,1,0
0,9109,1,0
0,9108,1,0
0,9107,1,0
0,9106,1,0
0,9105,1,0
0,9104,1,0
0,9103,1,0
0,9102,1,0
0,9101,1,0
0,9100,1,0
0,9099,1,0
0,9098,1,0
0,9097,1,0
0,9096,1,0
0,9095,1,0
0,9094,1,0
0,9093,1,0
0,9092,1,0
0,9091,1,0
0,9090,1,0
0,9089,1,0
0,9088,1,0
0,9087,1,0
0,9086,1,0
0,9085,1,0
0,9084,1,0
0,9083,1,0
0,9082,1,0
0,9081,1,0
0,9080,1,0
0,9079,1,0
0,9078,1,0
0,9077,1,0
0,9076,1,0
0,9075,1,0
0,9074,1,0
0,9073,1,0
0,9072,1,0
0,9071,1,0
0,9070,1,0
0,9069,1,0
0,9068,1,0
0,9067,1,0
0,9066,1,0
0,9065,1,0
0,9064,1,0
0,9063,1,0
0,9062,1,0
0,9061,1,0
0,9060,1,0
0,9059,1,0
0,9058,1,0
0,9057,1,0
0,9056,1,0
0,9055,1,0
0,9054,1,0
0,9053,1,0
0,9052,1,0
0,9051,1,0
0,9050,1,0
0,9049,1,0
0,9048,1,0
0,9047,1,0
0,9046,1,0
0,9045,1,0
0,9044,1,0
0,9043,1,0
0,9042,1,0
0,9041,1,0
0,9040,1,0
0,9039,1,0
0,9038,1,0
0,9037,1,0
0,9036,1,0
0,9035,1,0
0,9034,1,0
0,9033,1,0
0,9032,1,0
0,9031,1,0
0,9030,1,0
0,9029,1,0
0,9028,1,0
0,9027,1,0
0,9026,1,0
0,9025,1,0
0,9024,1,0
0,9023,1,0
0,9022,1,0
0,9021,1,0
0,9020,1,0
0,9019,1,0
0,9018,1,0
0,9017,1,0
0,9016,1,0
0,9015,1,0
0,9014,1,0
0,9013,1,0
0,9012,1,0
0,9011,1,0
0,9010,1,0
0,9009,1,0
0,9008,1,0
0,9007,1,0
0,9006,1,0
0,9005,1,0
0,9004,1,0
0,9003,1,0
0,9002,1,0
0,9001,1,0
0,9000,1,0
0,8999,1,0
0,8998,1,0
0,8997,1,0
0,8996,1,0
0,8995,1,0
0,8994,1,0
0,8993,1,0
0,8992,1,0
0,8991,1,0
0,8990,1,0
0,8989,1,0
0,8988,1,0
0,8987,1,0
0,8986,1,0
0,8985,1,0
0,8984,1,0
0,8983,1,0
0,8982,1,0
0,8981,1,0
0,8980,1,0
0,8979,1,0
0,8978,1,0
0,8977,1,0
0,8976,1,0
0,8975,1,0
0,8974,1,0
0,8973,1,0
0,8972,1,0
0,8971,1,0
0,8970,1,0
0,8969,1,0
0,8968,1,0
0,8967,1,0
0,8966,1,0
0,8965,1,0
0,8964,1,0
0,8963,1,0
0,8962,1,0
0,8961,1,0
0,8960,1,0
0,8959,1,0
0,8958,1,0
0,8957,1,0
0,8956,1,0
0,8955,1,0
0,8954,1,0
0,8953,1,0
0,8952,1,0
0,8951,1,0
0,8950,1,0
0,8949,1,0
0,8948,1,0
0,8947,1,0
0,8946,1,0
0,8945,1,0
0,8944,1,0
0,8943,1,0
0,8942,1,0
0,8941,1,0
0,8940,1,0
0,8939,1,0
0,8938,1,0
0,8937,1,0
0,8936,1,0
0,8935,1,0
0,8934,1,0
1,8933,1,0
1,8932,1,0
1,8931,1,0
1,8930,1,0
1,8929,1,0
1,8928,1,0
1,8927,1,0
1,8926,1,0
1,8925,1,0
1,8924,1,0
1,8923,1,0
1,8922,1,0
1,8921,1,0
1,8920,1,0
1,8919,1,0
1,8918,1,0
1,8917,1,0
1,8916,1,0
1,8915,1,0
1,8914,1,0
1,8913,1,0
1,8912,1,0
1,8911,1,0
1,8910,1,0
1,8909,1,0
1,8908,1,0
1,8907,1,0
1,8906,1,0
1,8905,1,0
1,8904,1,0
1,8903,1,0
1,8902,1,0
1,8901,1,0
1,8900,1,0
1,8899,1,0
1,8898,1,0
1,8897,1,0
1,8896,1,0
1,8895,1,0
1,8894,1,0
1,8893,1,0
1,8892,1,0
1,8891,1,0
1,8890,1,0
1,8889,1,0
1,8888,1,0
1,8887,1,0
1,8886,1,0
1,8885,1,0
1,8884,1,0
1,8883,1,0
1,8882,1,0
1,8881,1,0
1,8880,1,0
1,8879,1,0
1,8878,1,0
1,8877,1,0
1,8876,1,0
1,8875,1,0
1,8874,1,0
1,8873,1,0
1,8872,1,0
1,8871,1,0
1,8870,1,0
1,8869,1,0
1,8868,1,0
1,8867,1,0
1,8866,1,0
1,8865,1,0
1,8864,1,0
1,8863,1,0
1,8862,1,0
1,8861,1,0
1,8860,1,0
1,8859,1,0
1,8858,1,0
1,8857,1,0
1,8856,1,0
1,8855,1,0
1,8854,1,0
1,8853,1,0
1,8852,1,0
1,8851,1,0
1,8850,1,0
1,8849,1,0
1,8848,1,0
1,8847,1,0
1,8846,1,0
1,8845,1,0
1,8844,1,0
1,8843,1,0
1,8842,1,0
1,8841,1,0
1,8840,1,0
1,8839,1,0
1,8838,1,0
1,8837,1,0
1,8836,1,0
1,8835,1,0
1,8834,1,0
1,8833,1,0
1,8832,1,0
1,8831,1,0
1,8830,1,0
1,8829,1,0
1,8828,1,0
1,8827,1,0
1,8826,1,0
1,8825,1,0
1,8824,1,0
1,8823,1,0
1,8822,1,0
1,8821,1,0
1,8820,1,0
1,8819,1,0
1,8818,1,0
1,8817,1,0
1,8816,1,0
1,8815,1,0
1,8814,1,0
1,8813,1,0
1,8812,1,0
1,8811,1,0
1,8810,1,0
1,8809,1,0
1,8808,1,0
1,8807,1,0
1,8806,1,0
1,8805,1,0
1,8804,1,0
1,8803,1,0
1,8802,1,0
1,8801,1,0
1,8800,1,0
1,8799,1,0
1,8798,1,0
1,8797,1,0
1,8796,1,0
1,8795,1,0
1,8794,1,0
1,8793,1,0
1,8792,1,0
1,8791,1,0
1,8790,1,0
1,8789,1,0
1,8788,1,0
1,8787,1,0
1,8786,1,0
1,8785,1,0
1,8784,1,0
1,8783,1,0
1,8782,1,0
1,8781,1,0
1,8780,1,0
1,8779,1,0
1,8778,1,0
1,8777,1,0
1,8776,1,0
1,8775,1,0
1,8774,1,0
1,8773,1,0
1,8772,1,0
1,8771,1,0
1,8770,1,0
1,8769,1,0
1,8768,1,0
1,8767,1,0
1,8766,1,0
1,8765,1,0
1,8764,1,0
1,8763,1,0
1,8762,1,0
1,8761,1,0
1,8760,1,0
1,8759,1,0
1,8758,1,0
1,8757,1,0
1,8756,1,0
1,8755,1,0
1,8754,1,0
1,8753,1,0
1,8752,1,0
1,8751,1,0
1,8750,1,0
1,8749,1,0
1,8748,1,0
1,8747,1,0
1,8746,1,0
1,8745,1,0
1,8744,1,0
1,8743,1,0
1,8742,1,0
1,8741,1,0
1,8740,1,0
1,8739,1,0
1,8738,1,0
1,8737,1,0
1,8736,1,0
1,8735,1,0
1,8734,1,0
1,8733,1,0
1,8732,1,0
1,8731,1,0
1,8730,1,0
1,8729,1,0
1,8728,1,0
1,8727,1,0
1,8726,1,0
1,8725,1,0
1,8724,1,0
1,8723,1,0
1,8722,1,0
1,8721,1,0
1,8720,1,0
1,8719,1,0
1,8718,1,0
1,8717,1,0
1,8716,1,0
1,8715,1,0
1,8714,1,0
1,8713,1,0
1,8712,1,0
1,8711,1,0
1,8710,1,0
1,8709,1,0
1,8708,1,0
1,8707,1,0
1,8706,1,0
1,8705,1,0
1,8704,1,0
1,8703,1,0
1,8702,1,0
1,8701,1,0
1,8700,1,0
1,8699,1,0
1,8698,1,0
1,8697,1,0
1,8696,1,0
1,8695,1,0
1,8694,1,0
1,8693,1,0
1,8692,1,0
1,8691,1,0
1,8690,1,0
1,8689,1,0
1,8688,1,1
1,8687,1,1
1,8686,1,1
1,8685,1,1
1,8684,1,1
1,8683,1,1
1,8682,1,1
1,8681,1,1
2,8680,1,0
2,8679,1,0
2,8678,1,0
2,8677,1,0
2,8676,1,0
2,8675,1,0
2,8674,1,0
2,8673,1,0
2,8672,1,0
2,8671,1,0
2,8670,1,0
2,8669,1,0
2,8668,1,0
2,8667,1,0
2,8666,1,0
2,8665,1,0
2,8664,1,0
2,8663,1,0
2,8662,1,0
2,8661,1,0
2,8660,1,0
2,8659,1,0
2,8658,1,0
2,8657,1,0
2,8656,1,0
2,8655,1,0
2,8654,1,0
2,8653,1,0
2,8652,1,0
2,8651,1,0
2,8650,1,0
2,8649,1,0
2,8648,1,0
2,8647,1,0
2,8646,1,0
2,8645,1,0
2,8644,1,0
2,8643,1,0
2,8642,1,0
2,8641,1,0
2,8640,1,0
2,8639,1,0
2,8638,1,0
2,8637,1,0
2,8636,1,0
2,8635,1,0
2,8634,1,0
2,8633,1,0
2,8632,1,0
2,8631,1,0
2,8630,1,0
2,8629,1,0
2,8628,1,0
2,8627,1,0
2,8626,1,0
2,8625,1,0
2,8624,1,0
2,8623,1,0
2,8622,1,0
2,8621,1,0
2,8620,1,0
2,8619,1,0
2,8618,1,0
2,8617,1,0
2,8616,1,0
2,8615,1,0
2,8614,1,0
2,8613,1,0
2,8612,1,0
2,8611,1,0
2,8610,1,0
2,8609,1,0
2,8608,1,0
2,8607,1,0
2,8606,1,0
2,8605,1,0
2,8604,1,0
2,8603,1,0
2,8602,1,0
2,8601,1,0
2,8600,1,0
2,8599,1,0
2,8598,1,0
2,8597,1,0
2,8596,1,0
2,8595,1,0
2,8594,1,0
2,8593,1,0
2,8592,1,0
2,8591,1,0
2,8590,1,0
2,8589,1,0
2,8588,1,0
2,8587,1,0
2,8586,1,0
2,8585,1,0
2,8584,1,0
2,8583,1,0
2,8582,1,0
2,8581,1,0
2,8580,1,0
2,8579,1,0
2,8578,1,0
2,8577,1,0
2,8576,1,0
2,8575,1,0
2,8574,1,0
2,8573,1,0
2,8572,1,0
2,8571,1,0
2,8570,1,0
2,8569,1,0
2,8568,1,0
2,8567,1,0
2,8566,1,0
2,8565,1,0
2,8564,1,0
2,8563,1,0
2,8562,1,0
2,8561,1,0
2,8560,1,0
2,8559,1,0
2,8558,1,0
2,8557,1,0
2,8556,1,0
2,8555,1,0
2,8554,1,0
2,8553,1,0
2,8552,1,0
2,8551,1,0
2,8550,1,0
2,8549,1,0
2,8548,1,0
2,8547,1,0
2,8546,1,0
2,8545,1,0
2,8544,1,0
2,8543,1,0
2,8542,1,0
2,8541,1,0
2,8540,1,0
2,8539,1,0
2,8538,1,0
2,8537,1,0
2,8536,1,0
2,8535,1,0
2,8534,1,0
2,8533,1,0
2,8532,1,0
2,8531,1,0
2,8530,1,0
2,8529,1,0
2,8528,1,0
2,8527,1,0
2,8526,1,0
2,8525,1,0
2,8524,1,0
2,8523,1,0
2,8522,1,0
2,8521,1,0
2,8520,1,0
2,8519,1,0
2,8518,1,0
2,8517,1,0
2,8516,1,0
2,8515,1,0
2,8514,1,0
2,8513,1,0
2,8512,1,0
2,8511,1,0
2,8510,1,0
2,8509,1,0
2,8508,1,0
2,8507,1,0
2,8506,1,0
2,8505,1,0
2,8504,1,0
2,8503,1,0
2,8502,1,0
2,8501,1,0
2,8500,1,0
2,8499,1,0
2,8498,1,0
2,8497,1,0
2,8496,1,0
2,8495,1,0
2,8494,1,0
2,8493,1,0
2,8492,1,0
2,8491,1,0
2,8490,1,0
2,8489,1,0
2,8488,1,0
2,8487,1,0
2,8486,1,0
2,8485,1,0
2,8484,1,0
2,8483,1,0
2,8482,1,0
2,8481,1,0
2,8480,1,0
2,8479,1,0
2,8478,1,0
2,8477,1,0
2,8476,1,0
2,8475,1,0
2,8474,1,0
2,8473,1,0
2,8472,1,0
2,8471,1,0
2,8470,1,0
2,8469,1,0
2,8468,1,0
2,8467,1,0
2,8466,1,0
2,8465,1,0
2,8464,1,0
2,8463,1,0
2,8462,1,0
2,8461,1,0
2,8460,1,0
2,8459,1,0
2,8458,1,0
2,8457,1,0
2,8456,1,0
2,8455,1,0
2,8454,1,0
2,8453,1,0
2,8452,1,0
2,8451,1,0
2,8450,1,0
2,8449,1,0
2,8448,1,0
2,8447,1,0
2,8446,1,0
2,8445,1,0
2,8444,1,0
2,8443,1,0
2,8442,1,0
2,8441,1,0
2,8440,1,0
2,8439,1,0
2,8438,1,0
2,8437,1,0
2,8436,1,0
2,8435,1,0
2,8434,1,0
2,8433,1,0
2,8432,1,0
2,8431,1,0
2,8430,1,0
2,8429,1,0
2,8428,1,0
2,8427,1,0
2,8426,1,0
2,8425,1,0
2,8424,1,0
2,8423,1,0
2,8422,1,0
2,8421,1,0
2,8420,1,0
2,8419,1,0
2,8418,1,0
2,8417,1,0
2,8416,1,0
2,8415,1,0
2,8414,1,0
2,8413,1,0
2,8412,1,0
2,8411,1,0
2,8410,1,0
2,8409,1,0
2,8408,1,0
2,8407,1,0
2,8406,1,0
2,8405,1,0
2,8404,1,0
2,8403,1,0
2,8402,1,0
2,8401,1,0
2,8400,1,0
2,8399,1,0
2,8398,1,0
2,8397,1,0
2,8396,1,0
2,8395,1,0
2,8394,1,0
2,8393,1,0
2,8392,1,0
2,8391,1,0
2,8390,1,0
2,8389,1,0
2,8388,1,0
2,8387,1,0
2,8386,1,0
2,8385,1,0
2,8384,1,0
2,8383,1,0
2,8382,1,0
2,8381,1,0
2,8380,1,0
2,8379,1,0
2,8378,1,0
2,8377,1,0
2,8376,1,0
2,8375,1,0
2,8374,1,0
2,8373,1,0
2,8372,1,0
2,8371,1,0
2,8370,1,0
2,8369,1,0
2,8368,1,0
2,8367,1,0
2,8366,1,0
2,8365,1,0
2,8364,1,0
2,8363,1,0
2,8362,1,0
2,8361,1,0
2,8360,1,0
2,8359,1,0
2,8358,1,0
2,8357,1,0
2,8356,1,0
2,8355,1,0
2,8354,1,0
2,8353,1,0
2,8352,1,0
2,8351,1,0
2,8350,1,0
2,8349,1,0
2,8348,1,0
2,8347,1,0
2,8346,1,0
2,8345,1,0
2,8344,1,0
2,8343,1,0
2,8342,1,0
2,8341,1,0
2,8340,1,0
2,8339,1,0
2,8338,1,0
2,8337,1,0
2,8336,1,0
2,8335,1,0
2,8334,1,0
2,8333,1,0
2,8332,1,0
2,8331,1,0
2,8330,1,0
2,8329,1,0
2,8328,1,0
2,8327,1,0
2,8326,1,0
2,8325,1,0
2,8324,1,0
2,8323,1,0
2,8322,1,0
2,8321,1,0
2,8320,1,0
2,8319,1,0
2,8318,1,0
2,8317,1,0
2,8316,1,0
2,8315,1,0
2,8314,1,0
2,8313,1,0
2,8312,1,0
2,8311,1,0
2,8310,1,0
2,8309,1,0
2,8308,1,0
2,8307,1,0
2,8306,1,0
2,8305,1,0
2,8304,1,0
2,8303,1,0
2,8302,1,0
2,8301,1,0
2,8300,1,0
2,8299,1,0
2,8298,1,0
2,8297,1,0
2,8296,1,0
2,8295,1,0
2,8294,1,0
2,8293,1,0
2,8292,1,0
2,8291,1,0
2,8290,1,0
2,8289,1,0
2,8288,1,0
2,8287,1,0
2,8286,1,0
2,8285,1,0
2,8284,1,0
2,8283,1,0
2,8282,1,0
2,8281,1,0
2,8280,1,0
2,8279,1,0
2,8278,1,0
2,8277,1,0
2,8276,1,0
2,8275,1,0
2,8274,1,0
2,8273,1,0
2,8272,1,0
2,8271,1,0
2,8270,1,0
2,8269,1,0
2,8268,1,0
2,8267,1,0
2,8266,1,0
2,8265,1,0
2,8264,1,0
2,8263,1,0
2,8262,1,0
2,8261,1,0
2,8260,1,0
2,8259,1,0
2,8258,1,0
2,8257,1,0
2,8256,1,0
2,8255,1,0
2,8254,1,0
2,8253,1,0
2,8252,1,0
2,8251,1,0
2,8250,1,0
2,8249,1,0
2,8248,1,0
2,8247,1,0
2,8246,1,0
2,8245,1,0
2,8244,1,0
2,8243,1,0
2,8242,1,0
2,8241,1,0
2,8240,1,0
2,8239,1,0
2,8238,1,0
2,8237,1,0
2,8236,1,0
2,8235,1,0
2,8234,1,0
2,8233,1,0
2,8232,1,0
2,8231,1,0
2,8230,1,0
2,8229,1,0
2,8228,1,0
2,8227,1,0
2,8226,1,0
2,8225,1,0
2,8224,1,0
2,8223,1,0
2,8222,1,0
2,8221,1,0
2,8220,1,0
2,8219,1,0
2,8218,1,0
2,8217,1,0
2,8216,1,0
2,8215,1,0
2,8214,1,0
2,8213,1,0
2,8212,1,0
2,8211,1,0
2,8210,1,0
2,8209,1,0
2,8208,1,0
2,8207,1,0
2,8206,1,0
2,8205,1,0
2,8204,1,0
2,8203,1,0
2,8202,1,0
2,8201,1,0
2,8200,1,0
2,8199,1,0
2,8198,1,0
2,8197,1,0
2,8196,1,0
2,8195,1,0
2,8194,1,0
2,8193,1,0
2,8192,1,0
2,8191,1,0
2,8190,1,0
2,8189,1,0
2,8188,1,0
2,8187,1,0
2,8186,1,0
2,8185,1,0
2,8184,1,0
2,8183,1,0
2,8182,1,0
2,8181,1,0
2,8180,1,0
2,8179,1,0
2,8178,1,0
2,8177,1,0
2,8176,1,0
2,8175,1,0
2,8174,1,0
2,8173,1,0
2,8172,1,0
2,8171,1,0
2,8170,1,0
2,8169,1,0
2,8168,1,0
2,8167,1,0
2,8166,1,0
2,8165,1,0
2,8164,1,0
2,8163,1,0
2,8162,1,0
2,8161,1,0
2,8160,1,0
2,8159,1,0
2,8158,1,0
2,8157,1,0
2,8156,1,0
2,8155,1,0
2,8154,1,0
2,8153,1,0
2,8152,1,0
2,8151,1,0
2,8150,1,0
2,8149,1,0
2,8148,1,0
2,8147,1,0
2,8146,1,0
2,8145,1,0
2,8144,1,0
2,8143,1,0
2,8142,1,0
2,8141,1,0
2,8140,1,0
2,8139,1,0
2,8138,1,0
2,8137,1,0
2,8136,1,0
2,8135,1,0
2,8134,1,0
2,8133,1,0
2,8132,1,0
2,8131,1,0
2,8130,1,0
2,8129,1,0
2,8128,1,0
2,8127,1,0
2,8126,1,0
2,8125,1,0
2,8124,1,0
2,8123,1,0
2,8122,1,0
2,8121,1,0
2,8120,1,0
2,8119,1,0
2,8118,1,0
2,8117,1,0
2,8116,1,0
2,8115,1,0
2,8114,1,0
2,8113,1,0
2,8112,1,0
2,8111,1,0
2,8110,1,0
2,8109,1,0
2,8108,1,0
2,8107,1,0
2,8106,1,0
2,8105,1,0
2,8104,1,0
2,8103,1,0
2,8102,1,0
2,8101,1,0
2,8100,1,0
2,8099,1,0
2,8098,1,0
2,8097,1,0
2,8096,1,0
2,8095,1,0
2,8094,1,0
2,8093,1,0
2,8092,1,0
2,8091,1,0
2,8090,1,0
2,8089,1,0
2,8088,1,0
2,8087,1,0
2,8086,1,0
2,8085,1,0
2,8084,1,0
2,8083,1,0
2,8082,1,0
2,8081,1,0
2,8080,1,0
2,8079,1,0
2,8078,1,0
2,8077,1,0
2,8076,1,0
2,8075,1,0
2,8074,1,0
2,8073,1,0
2,8072,1,0
2,8071,1,0
2,8070,1,0
2,8069,1,0
2,8068,1,0
2,8067,1,0
2,8066,1,0
2,8065,1,0
2,8064,1,0
2,8063,1,0
2,8062,1,0
2,8061,1,0
2,8060,1,0
2,8059,1,0
2,8058,1,0
2,8057,1,0
2,8056,1,0
2,8055,1,0
2,8054,1,0
2,8053,1,0
2,8052,1,0
2,8051,1,0
2,8050,1,0
2,8049,1,0
2,8048,1,0
2,8047,1,0
2,8046,1,0
2,8045,1,0
2,8044,1,0
2,8043,1,0
2,8042,1,0
2,8041,1,0
2,8040,1,0
2,8039,1,0
2,8038,1,0
2,8037,1,0
2,8036,1,0
2,8035,1,0
2,8034,1,0
2,8033,1,0
2,8032,1,0
2,8031,1,0
2,8030,1,0
2,8029,1,0
2,8028,1,0
2,8027,1,0
2,8026,1,0
2,8025,1,0
2,8024,1,0
2,8023,1,0
2,8022,1,0
2,8021,1,0
2,8020,1,0
2,8019,1,0
2,8018,1,0
2,8017,1,0
2,8016,1,0
2,8015,1,0
2,8014,1,0
2,8013,1,0
2,8012,1,0
2,8011,1,0
2,8010,1,0
2,8009,1,0
2,8008,1,0
2,8007,1,0
2,8006,1,0
2,8005,1,0
2,8004,1,0
2,8003,1,0
2,8002,1,0
2,8001,1,0
2,8000,1,0
2,7999,1,0
2,7998,1,0
2,7997,1,0
2,7996,1,0
2,7995,1,0
2,7994,1,0
2,7993,1,0
2,7992,1,0
2,7991,1,0
2,7990,1,0
2,7989,1,0
2,7988,1,0
2,7987,1,0
2,7986,1,0
2,7985,1,0
2,7984,1,0
2,7983,1,0
2,7982,1,0
2,7981,1,0
2,7980,1,0
2,7979,1,0
2,7978,1,0
2,7977,1,0
2,7976,1,0
2,7975,1,0
2,7974,1,0
2,7973,1,0
2,7972,1,0
2,7971,1,0
2,7970,1,0
2,7969,1,0
2,7968,1,0
2,7967,1,0
2,7966,1,0
2,7965,1,0
2,7964,1,0
2,7963,1,0
2,7962,1,0
2,7961,1,0
2,7960,1,0
2,7959,1,0
2,7958,1,0
2,7957,1,0
2,7956,1,0
2,7955,1,0
2,7954,1,0
2,7953,1,0
2,7952,1,0
2,7951,1,0
2,7950,1,0
2,7949,1,0
2,7948,1,0
2,7947,1,0
2,7946,1,0
2,7945,1,0
2,7944,1,0
2,7943,1,0
2,7942,1,0
2,7941,1,0
2,7940,1,0
2,7939,1,0
2,7938,1,0
2,7937,1,0
2,7936,1,0
2,7935,1,0
2,7934,1,0
2,7933,1,0
2,7932,1,0
2,7931,1,0
2,7930,1,0
2,7929,1,0
2,7928,1,0
2,7927,1,0
2,7926,1,0
2,7925,1,0
2,7924,1,0
2,7923,1,0
2,7922,1,0
2,7921,1,0
2,7920,1,0
2,7919,1,0
2,7918,1,0
2,7917,1,0
2,7916,1,0
2,7915,1,0
2,7914,1,0
2,7913,1,0
2,7912,1,0
2,7911,1,0
2,7910,1,0
2,7909,1,0
2,7908,1,0
2,7907,1,0
2,7906,1,0
2,7905,1,0
2,7904,1,0
2,7903,1,0
2,7902,1,0
2,7901,1,0
2,7900,1,0
2,7899,1,0
2,7898,1,0
2,7897,1,0
2,7896,1,0
2,7895,1,0
2,7894,1,0
2,7893,1,0
2,7892,1,0
2,7891,1,0
2,7890,1,0
2,7889,1,0
2,7888,1,0
2,7887,1,0
2,7886,1,0
2,7885,1,0
2,7884,1,0
2,7883,1,0
2,7882,1,0
2,7881,1,0
2,7880,1,0
2,7879,1,0
2,7878,1,0
2,7877,1,0
2,7876,1,0
2,7875,1,0
2,7874,1,0
2,7873,1,0
2,7872,1,0
2,7871,1,0
2,7870,1,0
2,7869,1,0
2,7868,1,0
2,7867,1,0
2,7866,1,0
2,7865,1,0
2,7864,1,0
2,7863,1,0
2,7862,1,0
2,7861,1,0
2,7860,1,0
2,7859,1,0
2,7858,1,0
2,7857,1,0
2,7856,1,0
2,7855,1,0
2,7854,1,0
2,7853,1,0
2,7852,1,0
2,7851,1,0
2,7850,1,0
2,7849,1,0
2,7848,1,0
2,7847,1,0
2,7846,1,0
2,7845,1,0
2,7844,1,0
2,7843,1,0
2,7842,1,0
2,7841,1,0
2,7840,1,0
2,7839,1,0
2,7838,1,0
2,7837,1,0
2,7836,1,0
2,7835,1,0
2,7834,1,0
2,7833,1,0
2,7832,1,0
2,7831,1,0
2,7830,1,0
2,7829,1,0
2,7828,1,0
2,7827,1,0
2,7826,1,0
2,7825,1,0
2,7824,1,0
2,7823,1,0
2,7822,1,0
2,7821,1,0
2,7820,1,0
2,7819,1,0
2,7818,1,0
2,7817,1,0
2,7816,1,0
2,7815,1,0
2,7814,1,0
2,7813,1,0
2,7812,1,0
2,7811,1,0
2,7810,1,0
2,7809,1,0
2,7808,1,0
2,7807,1,0
2,7806,1,0
2,7805,1,0
2,7804,1,0
2,7803,1,0
2,7802,1,0
2,7801,1,0
2,7800,1,0
2,7799,1,0
2,7798,1,0
2,7797,1,0
2,7796,1,0
2,7795,1,0
2,7794,1,0
2,7793,1,0
2,7792,1,0
2,7791,1,0
2,7790,1,0
2,7789,1,0
2,7788,1,0
2,7787,1,0
2,7786,1,0
2,7785,1,0
2,7784,1,0
2,7783,1,0
2,7782,1,0
2,7781,1,0
2,7780,1,0
2,7779,1,0
2,7778,1,0
2,7777,1,0
2,7776,1,0
2,7775,1,0
2,7774,1,0
2,7773,1,0
2,7772,1,0
2,7771,1,0
2,7770,1,0
2,7769,1,0
2,7768,1,0
2,7767,1,0
2,7766,1,0
2,7765,1,0
2,7764,1,0
2,7763,1,0
2,7762,1,0
2,7761,1,0
2,7760,1,0
2,7759,1,0
2,7758,1,0
2,7757,1,0
2,7756,1,0
2,7755,1,0
2,7754,1,0
2,7753,1,0
2,7752,1,0
2,7751,1,0
2,7750,1,0
2,7749,1,0
2,7748,1,0
2,7747,1,0
2,7746,1,0
2,7745,1,0
2,7744,1,0
2,7743,1,0
2,7742,1,0
2,7741,1,0
2,7740,1,0
2,7739,1,0
2,7738,1,0
2,7737,1,0
2,7736,1,0
2,7735,1,0
2,7734,1,0
2,7733,1,0
2,7732,1,0
2,7731,1,0
2,7730,1,0
2,7729,1,0
2,7728,1,0
2,7727,1,0
2,7726,1,0
2,7725,1,0
2,7724,1,0
2,7723,1,0
2,7722,1,0
2,7721,1,0
2,7720,1,0
2,7719,1,0
2,7718,1,0
2,7717,1,0
2,7716,1,0
2,7715,1,0
2,7714,1,0
2,7713,1,0
2,7712,1,0
2,7711,1,0
2,7710,1,0
2,7709,1,0
2,7708,1,0
2,7707,1,0
2,7706,1,0
2,7705,1,0
2,7704,1,0
2,7703,1,0
2,7702,1,0
2,7701,1,0
2,7700,1,0
2,7699,1,0
2,7698,1,0
2,7697,1,0
2,7696,1,0
2,7695,1,0
2,7694,1,0
2,7693,1,0
2,7692,1,0
2,7691,1,0
2,7690,1,0
2,7689,1,0
2,7688,1,0
2,7687,1,0
2,7686,1,0
2,7685,1,0
2,7684,1,0
2,7683,1,0
2,7682,1,0
2,7681,1,0
2,7680,1,0
2,7679,1,0
2,7678,1,0
2,7677,1,0
2,7676,1,0
2,7675,1,0
2,7674,1,0
2,7673,1,0
2,7672,1,0
2,7671,1,0
2,7670,1,0
2,7669,1,0
2,7668,1,0
2,7667,1,0
2,7666,1,0
2,7665,1,0
2,7664,1,0
2,7663,1,0
2,7662,1,0
2,7661,1,0
2,7660,1,0
2,7659,1,0
2,7658,1,0
2,7657,1,0
2,7656,1,0
2,7655,1,0
2,7654,1,0
2,7653,1,0
2,7652,1,0
2,7651,1,0
2,7650,1,0
2,7649,1,0
2,7648,1,0
2,7647,1,0
2,7646,1,0
2,7645,1,0
2,7644,1,0
2,7643,1,0
2,7642,1,0
2,7641,1,0
2,7640,1,0
2,7639,1,0
2,7638,1,0
2,7637,1,0
2,7636,1,0
2,7635,1,0
2,7634,1,0
2,7633,1,0
2,7632,1,0
2,7631,1,0
2,7630,1,0
2,7629,1,0
2,7628,1,0
2,7627,1,0
2,7626,1,0
2,7625,1,0
2,7624,1,0
2,7623,1,0
2,7622,1,0
2,7621,1,0
2,7620,1,0
2,7619,1,0
2,7618,1,0
2,7617,1,0
2,7616,1,0
2,7615,1,0
2,7614,1,0
3,7613,1,0
3,7612,1,0
3,7611,1,0
3,7610,1,0
3,7609,1,0
3,7608,1,0
3,7607,1,0
3,7606,1,0
3,7605,1,0
3,7604,1,0
3,7603,1,0
3,7602,1,0
3,7601,1,0
3,7600,1,0
3,7599,1,0
3,7598,1,0
3,7597,1,0
3,7596,1,0
3,7595,1,0
3,7594,1,0
3,7593,1,0
3,7592,1,0
3,7591,1,0
3,7590,1,0
3,7589,1,0
3,7588,1,0
3,7587,1,0
3,7586,1,0
3,7585,1,0
3,7584,1,0
3,7583,1,0
3,7582,1,0
3,7581,1,0
3,7580,1,0
3,7579,1,0
3,7578,1,0
3,7577,1,0
3,7576,1,0
3,7575,1,0
3,7574,1,0
3,7573,1,0
3,7572,1,0
3,7571,1,0
3,7570,1,0
3,7569,1,0
3,7568,1,0
3,7567,1,0
3,7566,1,0
3,7565,1,0
3,7564,1,0
3,7563,1,0
3,7562,1,0
3,7561,1,0
3,7560,1,0
3,7559,1,0
3,7558,1,0
3,7557,1,0
3,7556,1,0
3,7555,1,0
3,7554,1,0
3,7553,1,0
3,7552,1,0
3,7551,1,0
3,7550,1,0
3,7549,1,0
3,7548,1,0
3,7547,1,0
3,7546,1,0
3,7545,1,0
3,7544,1,0
3,7543,1,0
3,7542,1,0
3,7541,1,0
3,7540,1,0
3,7539,1,0
3,7538,1,0
3,7537,1,0
3,7536,1,0
3,7535,1,0
3,7534,1,0
3,7533,1,0
3,7532,1,0
3,7531,1,0
3,7530,1,0
3,7529,1,0
3,7528,1,0
3,7527,1,0
3,7526,1,0
3,7525,1,0
3,7524,1,0
3,7523,1,0
3,7522,1,0
3,7521,1,0
3,7520,1,0
3,7519,1,0
3,7518,1,0
3,7517,1,0
3,7516,1,0
3,7515,1,0
3,7514,1,0
3,7513,1,0
3,7512,1,0
3,7511,1,0
3,7510,1,0
3,7509,1,0
3,7508,1,0
3,7507,1,0
3,7506,1,0
3,7505,1,0
3,7504,1,0
3,7503,1,0
3,7502,1,0
3,7501,1,0
3,7500,1,0
3,7499,1,0
3,7498,1,0
3,7497,1,0
3,7496,1,0
3,7495,1,0
3,7494,1,0
3,7493,1,0
3,7492,1,0
3,7491,1,0
3,7490,1,0
3,7489,1,0
3,7488,1,0
3,7487,1,0
3,7486,1,0
3,7485,1,0
3,7484,1,0
3,7483,1,0
3,7482,1,0
3,7481,1,0
3,7480,1,0
3,7479,1,0
3,7478,1,0
3,7477,1,0
3,7476,1,0
3,7475,1,0
3,7474,1,0
3,7473,1,0
3,7472,1,0
3,7471,1,0
3,7470,1,0
3,7469,1,0
3,7468,1,0
3,7467,1,0
3,7466,1,0
3,7465,1,0
3,7464,1,0
3,7463,1,0
3,7462,1,0
3,7461,1,0
3,7460,1,0
3,7459,1,0
3,7458,1,0
3,7457,1,0
3,7456,1,0
3,7455,1,0
3,7454,1,0
3,7453,1,0
3,7452,1,0
3,7451,1,0
3,7450,1,0
3,7449,1,0
3,7448,1,0
3,7447,1,0
3,7446,1,0
3,7445,1,0
3,7444,1,0
3,7443,1,0
3,7442,1,0
3,7441,1,0
3,7440,1,0
3,7439,1,0
3,7438,1,0
3,7437,1,0
3,7436,1,0
3,7435,1,0
3,7434,1,0
3,7433,1,0
3,7432,1,0
3,7431,1,0
3,7430,1,0
3,7429,1,0
3,7428,1,0
3,7427,1,0
3,7426,1,0
3,7425,1,0
3,7424,1,0
3,7423,1,0
0,7422,0,0
0,7421,0,0
0,7420,0,0
0,7419,0,0
0,7418,0,0
0,7417,0,0
0,7416,0,0
0,7415,0,0
0,7414,0,0
0,7413,0,0
0,7412,0,0
0,7411,0,0
0,7410,0,0
0,7409,0,0
0,7408,0,0
0,7407,0,0
0,7406,0,0
0,7405,0,0
0,7404,0,0
0,7403,0,0
0,7402,0,0
0,7401,0,0
0,7400,0,0
0,7399,0,0
0,7398,0,0
0,7397,0,0
0,7396,0,0
0,7395,0,0
0,7394,0,0
0,7393,0,0
0,7392,0,0
0,7391,0,0
0,7390,0,0
0,7389,0,0
0,7388,0,0
0,7387,0,0
0,7386,0,0
0,7385,0,0
0,7384,0,0
0,7383,0,0
0,7382,0,0
0,7381,0,0
0,7380,0,0
0,7379,0,0
0,7378,0,0
0,7377,0,0
0,7376,0,0
0,7375,0,0
0,7374,0,0
0,7373,0,0
0,7372,0,0
0,7371,0,0
0,7370,0,0
0,7369,0,0
0,7368,0,0
0,7367,0,0
0,7366,0,0
0,7365,0,0
0,7364,0,0
0,7363,0,0
0,7362,0,0
0,7361,0,0
0,7360,0,0
0,7359,0,0
0,7358,0,0
0,7357,0,0
0,7356,0,0
0,7355,0,0
0,7354,0,0
0,7353,0,0
0,7352,0,0
0,7351,0,0
0,7350,0,0
0,7349,0,0
0,7348,0,0
0,7347,0,0
0,7346,0,0
0,7345,0,0
0,7344,0,0
0,7343,0,0
0,7342,0,0
0,7341,0,0
0,7340,0,0
0,7339,0,0
0,7338,0,0
0,7337,0,0
0,7336,0,0
0,7335,0,0
0,7334,0,0
0,7333,0,0
0,7332,0,0
0,7331,0,0
0,7330,0,0
0,7329,0,0
0,7328,0,0
0,7327,0,0
0,7326,0,0
0,7325,0,0
0,7324,0,0
0,7323,0,0
0,7322,0,0
0,7321,0,0
0,7320,0,0
0,7319,0,0
0,7318,0,0
0,7317,0,0
0,7316,0,0
0,7315,0,0
0,7314,0,0
0,7313,0,0
0,7312,0,0
0,7311,0,0
0,7310,0,0
0,7309,0,0
0,7308,0,0
0,7307,0,0
0,7306,0,0
0,7305,0,0
0,7304,0,0
0,7303,0,0
0,7302,0,0
0,7301,0,0
0,7300,0,0
0,7299,0,0
0,7298,0,0
0,7297,0,0
0,7296,0,0
0,7295,0,0
0,7294,0,0
0,7293,0,0
0,7292,0,0
0,7291,0,0
0,7290,0,0
0,7289,0,0
0,7288,0,0
0,7287,0,0
0,7286,0,0
0,7285,0,0
0,7284,0,0
0,7283,0,0
0,7282,0,0
0,7281,0,0
0,7280,0,0
0,7279,0,0
0,7278,0,0
0,7277,0,0
0,7276,0,0
0,7275,0,0
0,7274,0,0
0,7273,0,0
0,7272,0,0
0,7271,0,0
0,7270,0,0
0,7269,0,0
0,7268,0,0
0,7267,0,0
0,7266,0,0
0,7265,0,0
0,7264,0,0
0,7263,0,0
0,7262,0,0
0,7261,0,0
0,7260,0,0
0,7259,0,0
0,7258,0,0
0,7257,0,0
0,7256,0,0
0,7255,0,0
0,7254,0,0
0,7253,0,0
0,7252,0,0
0,7251,0,0
0,7250,0,0
0,7249,0,0
0,7248,0,0
0,7247,0,0
0,7246,0,0
0,7245,0,0
0,7244,0,0
0,7243,0,0
0,7242,0,0
0,7241,0,0
0,7240,0,0
0,7239,0,0
0,7238,0,0
0,7237,0,0
0,7236,0,0
0,7235,0,0
0,7234,0,0
0,7233,0,0
0,7232,0,0
0,7231,0,0
0,7230,0,0
0,7229,0,0
0,7228,0,0
0,7227,0,0
0,7226,0,0
0,7225,0,0
0,7224,0,0
0,7223,0,0
0,7222,0,0
0,7221,0,0
0,7220,0,0
0,7219,0,0
0,7218,0,0
0,7217,0,0
0,7216,0,0
0,7215,0,0
0,7214,0,0
0,7213,0,0
0,7212,0,0
0,7211,0,0
0,7210,0,0
0,7209,0,0
0,7208,0,0
0,7207,0,0
0,7206,0,0
0,7205,0,0
0,7204,0,0
0,7203,0,0
0,7202,0,0
0,7201,0,0
0,7200,0,0
0,7199,0,0
0,7198,0,0
0,7197,0,0
0,7196,0,0
0,7195,0,0
0,7194,0,0
0,7193,0,0
0,7192,0,0
0,7191,0,0
0,7190,0,0
0,7189,0,0
0,7188,0,0
0,7187,0,0
0,7186,0,0
0,7185,0,0
0,7184,0,0
0,7183,0,0
0,7182,0,0
0,7181,0,0
0,7180,0,0
0,7179,0,0
0,7178,0,0
0,7177,0,0
0,7176,0,0
0,7175,0,0
0,7174,0,0
0,7173,0,0
0,7172,0,0
0,7171,0,0
0,7170,0,0
0,7169,0,0
0,7168,0,0
0,7167,0,0
0,7166,0,0
0,7165,0,0
0,7164,0,0
0,7163,0,0
0,7162,0,0
0,7161,0,0
0,7160,0,0
0,7159,0,0
0,7158,0,0
0,7157,0,0
0,7156,0,0
0,7155,0,0
0,7154,0,0
0,7153,0,0
0,7152,0,0
0,7151,0,0
0,7150,0,0
0,7149,0,0
0,7148,0,0
0,7147,0,0
0,7146,0,0
0,7145,0,0
0,7144,0,0
0,7143,0,0
0,7142,0,0
0,7141,0,0
0,7140,0,0
0,7139,0,0
0,7138,0,0
0,7137,0,0
0,7136,0,0
0,7135,0,0
0,7134,0,0
0,7133,0,0
0,7132,0,0
0,7131,0,0
0,7130,0,0
0,7129,0,0
0,7128,0,0
0,7127,0,0
0,7126,0,0
0,7125,0,0
0,7124,0,0
0,7123,0,0
0,7122,0,0
0,7121,0,0
0,7120,0,0
0,7119,0,0
0,7118,0,0
0,7117,0,0
0,7116,0,0
0,7115,0,0
0,7114,0,0
0,7113,0,0
0,7112,0,0
0,7111,0,0
0,7110,0,0
0,7109,0,0
0,7108,0,0
0,7107,0,0
0,7106,0,0
0,7105,0,0
0,7104,0,0
0,7103,0,0
0,7102,0,0
0,7101,0,0
0,7100,0,0
0,7099,0,0
0,7098,0,0
0,7097,0,0
0,7096,0,0
0,7095,0,0
0,7094,0,0
0,7093,0,0
0,7092,0,0
0,7091,0,0
0,7090,0,0
0,7089,0,0
0,7088,0,0
0,7087,0,0
0,7086,0,0
0,7085,0,0
0,7084,0,0
0,7083,0,0
0,7082,0,0
0,7081,0,0
0,7080,0,0
0,7079,0,0
0,7078,0,0
0,7077,0,0
0,7076,0,0
0,7075,0,0
0,7074,0,0
0,7073,0,0
0,7072,0,0
0,7071,0,0
0,7070,0,0
0,7069,0,0
0,7068,0,0
0,7067,0,0
0,7066,0,0
0,7065,0,0
0,7064,0,0
0,7063,0,0
0,7062,0,0
0,7061,0,0
0,7060,0,0
0,7059,0,0
0,7058,0,0
0,7057,0,0
0,7056,0,0
0,7055,0,0
0,7054,0,0
0,7053,0,0
0,7052,0,0
0,7051,0,0
0,7050,0,0
0,7049,0,0
0,7048,0,0
0,7047,0,0
0,7046,0,0
0,7045,0,0
0,7044,0,0
0,7043,0,0
0,7042,0,0
0,7041,0,0
0,7040,0,0
0,7039,0,0
0,7038,0,0
0,7037,0,0
0,7036,0,0
0,7035,0,0
0,7034,0,0
0,7033,0,0
0,7032,0,0
0,7031,0,0
0,7030,0,0
0,7029,0,0
0,7028,0,0
0,7027,0,0
0,7026,0,0
0,7025,0,0
0,7024,0,0
0,7023,0,0
0,7022,0,0
0,7021,0,0
0,7020,0,0
0,7019,0,0
0,7018,0,0
0,7017,0,0
0,7016,0,0
0,7015,0,0
0,7014,0,0
0,7013,0,0
0,7012,0,0
0,7011,0,0
0,7010,0,0
0,7009,0,0
0,7008,0,0
0,7007,0,0
0,7006,0,0
0,7005,0,0
0,7004,0,0
0,7003,0,0
0,7002,0,0
0,7001,0,0
0,7000,0,0
0,6999,0,0
0,6998,0,0
0,6997,0,0
0,6996,0,0
0,6995,0,0
0,6994,0,0
0,6993,0,0
0,6992,0,0
0,6991,0,0
0,6990,0,0
0,6989,0,0
0,6988,0,0
0,6987,0,0
0,6986,0,0
0,6985,0,0
0,6984,0,0
0,6983,0,0
0,6982,0,0
0,6981,0,0
0,6980,0,0
0,6979,0,0
0,6978,0,0
0,6977,0,0
0,6976,0,0
0,6975,0,0
0,6974,0,0
0,6973,0,0
0,6972,0,0
0,6971,0,0
0,6970,0,0
0,6969,0,0
0,6968,0,0
0,6967,0,0
0,6966,0,0
0,6965,0,0
0,6964,0,0
0,6963,0,0
0,6962,0,0
0,6961,0,0
0,6960,0,0
0,6959,0,0
0,6958,0,0
0,6957,0,0
0,6956,0,0
0,6955,0,0
0,6954,0,0
0,6953,0,0
0,6952,0,0
0,6951,0,0
0,6950,0,0
0,6949,0,0
0,6948,0,0
0,6947,0,0
0,6946,0,0
0,6945,0,0
0,6944,0,0
0,6943,0,0
0,6942,0,0
0,6941,0,0
0,6940,0,0
0,6939,0,0
0,6938,0,0
0,6937,0,0
0,6936,0,0
0,6935,0,0
0,6934,0,0
0,6933,0,0
0,6932,0,0
0,6931,0,0
0,6930,0,0
0,6929,0,0
0,6928,0,0
0,6927,0,0
0,6926,0,0
0,6925,0,0
0,6924,0,0
0,6923,0,0
0,6922,0,0
0,6921,0,0
0,6920,0,0
0,6919,0,0
0,6918,0,0
0,6917,0,0
0,6916,0,0
0,6915,0,0
0,6914,0,0
0,6913,0,0
0,6912,0,0
0,6911,0,0
0,6910,0,0
0,6909,0,0
0,6908,0,0
0,6907,0,0
0,6906,0,0
0,6905,0,0
0,6904,0,0
0,6903,0,0
0,6902,0,0
0,6901,0,0
0,6900,0,0
0,6899,0,0
0,6898,0,0
0,6897,0,0
0,6896,0,0
0,6895,0,0
0,6894,0,0
0,6893,0,0
0,6892,0,0
0,6891,0,0
0,6890,0,0
0,6889,0,0
0,6888,0,0
0,6887,0,0
0,6886,0,0
0,6885,0,0
0,6884,0,0
0,6883,0,0
0,6882,0,0
0,6881,0,0
0,6880,0,0
0,6879,0,0
0,6878,0,0
0,6877,0,0
0,6876,0,0
0,6875,0,0
0,6874,0,0
0,6873,0,0
0,6872,0,0
0,6871,0,0
0,6870,0,0
0,6869,0,0
0,6868,0,0
0,6867,0,0
0,6866,0,0
0,6865,0,0
0,6864,0,0
0,6863,0,0
0,6862,0,0
0,6861,0,0
0,6860,0,0
0,6859,0,0
0,6858,0,0
0,6857,0,0
0,6856,0,0
0,6855,0,0
0,6854,0,0
0,6853,0,0
0,6852,0,0
0,6851,0,0
0,6850,0,0
0,6849,0,0
0,6848,0,0
0,6847,0,0
0,6846,0,0
0,6845,0,0
0,6844,0,0
0,6843,0,0
0,6842,0,0
0,6841,0,0
0,6840,0,0
0,6839,0,0
0,6838,0,0
0,6837,0,0
0,6836,0,0
0,6835,0,0
0,6834,0,0
0,6833,0,0
0,6832,0,0
0,6831,0,0
0,6830,0,0
0,6829,0,0
0,6828,0,0
0,6827,0,0
0,6826,0,0
0,6825,0,0
0,6824,0,0
0,6823,0,0
0,6822,0,0
0,6821,0,0
0,6820,0,0
0,6819,0,0
0,6818,0,0
0,6817,0,0
0,6816,0,0
0,6815,0,0
0,6814,0,0
0,6813,0,0
0,6812,0,0
0,6811,0,0
0,6810,0,0
0,6809,0,0
0,6808,0,0
0,6807,0,0
0,6806,0,0
0,6805,0,0
0,6804,0,0
0,6803,0,0
0,6802,0,0
0,6801,0,0
0,6800,0,0
0,6799,0,0
0,6798,0,0
0,6797,0,0
0,6796,0,0
0,6795,0,0
0,6794,0,0
0,6793,0,0
0,6792,0,0
0,6791,0,0
0,6790,0,0
0,6789,0,0
0,6788,0,0
0,6787,0,0
0,6786,0,0
0,6785,0,0
0,6784,0,0
0,6783,0,0
0,6782,0,0
0,6781,0,0
0,6780,0,0
0,6779,0,0
0,6778,0,0
0,6777,0,0
0,6776,0,0
0,6775,0,0
0,6774,0,0
0,6773,0,0
0,6772,0,0
0,6771,0,0
0,6770,0,0
0,6769,0,0
0,6768,0,0
0,6767,0,0
0,6766,0,0
0,6765,0,0
0,6764,0,0
0,6763,0,0
0,6762,0,0
0,6761,0,0
0,6760,0,0
0,6759,0,0
0,6758,0,0
0,6757,0,0
0,6756,0,0
0,6755,0,0
0,6754,0,0
0,6753,0,0
0,6752,0,0
0,6751,0,0
0,6750,0,0
0,6749,0,0
0,6748,0,0
0,6747,0,0
0,6746,0,0
0,6745,0,0
0,6744,0,0
0,6743,0,0
0,6742,0,0
0,6741,0,0
0,6740,0,0
0,6739,0,0
0,6738,0,0
0,6737,0,0
0,6736,0,0
0,6735,0,0
0,6734,0,0
0,6733,0,0
0,6732,0,0
0,6731,0,0
0,6730,0,0
0,6729,0,0
0,6728,0,0
0,6727,0,0
0,6726,0,0
0,6725,0,0
0,6724,0,0
0,6723,0,0
0,6722,0,0
0,6721,0,0
0,6720,0,0
0,6719,0,0
0,6718,0,0
0,6717,0,0
0,6716,0,0
0,6715,0,0
0,6714,0,0
0,6713,0,0
0,6712,0,0
0,6711,0,0
0,6710,0,0
0,6709,0,0
0,6708,0,0
0,6707,0,0
0,6706,0,0
0,6705,0,0
0,6704,0,0
0,6703,0,0
0,6702,0,0
0,6701,0,0
0,6700,0,0
0,6699,0,0
0,6698,0,0
0,6697,0,0
0,6696,0,0
0,6695,0,0
0,6694,0,0
0,6693,0,0
0,6692,0,0
0,6691,0,0
0,6690,0,0
0,6689,0,0
0,6688,0,0
0,6687,0,0
0,6686,0,0
0,6685,0,0
0,6684,0,0
0,6683,0,0
0,6682,0,0
0,6681,0,0
0,6680,0,0
0,6679,0,0
0,6678,0,0
0,6677,0,0
0,6676,0,0
0,6675,0,0
0,6674,0,0
0,6673,0,0
0,6672,0,0
0,6671,0,0
0,6670,0,0
0,6669,0,0
0,6668,0,0
0,6667,0,0
0,6666,0,0
0,6665,0,0
0,6664,0,0
0,6663,0,0
0,6662,0,0
0,6661,0,0
0,6660,0,0
0,6659,0,0
0,6658,0,0
0,6657,0,0
0,6656,0,0
0,6655,0,0
0,6654,0,0
0,6653,0,0
0,6652,0,0
0,6651,0,0
0,6650,0,0
0,6649,0,0
0,6648,0,0
0,6647,0,0
0,6646,0,0
0,6645,0,0
0,6644,0,0
0,6643,0,0
0,6642,0,0
0,6641,0,0
0,6640,0,0
0,6639,0,0
0,6638,0,0
0,6637,0,0
0,6636,0,0
0,6635,0,0
0,6634,0,0
0,6633,0,0
0,6632,0,0
0,6631,0,0
0,6630,0,0
0,6629,0,0
0,6628,0,0
0,6627,0,0
0,6626,0,0
0,6625,0,0
0,6624,0,0
0,6623,0,0
0,6622,0,0
0,6621,0,0
0,6620,0,0
0,6619,0,0
0,6618,0,0
0,6617,0,0
0,6616,0,0
0,6615,0,0
0,6614,0,0
0,6613,0,0
0,6612,0,0
0,6611,0,0
0,6610,0,0
0,6609,0,0
0,6608,0,0
0,6607,0,0
0,6606,0,0
0,6605,0,0
0,6604,0,0
0,6603,0,0
0,6602,0,0
0,6601,0,0
0,6600,0,0
0,6599,0,0
0,6598,0,0
0,6597,0,0
0,6596,0,0
0,6595,0,0
0,6594,0,0
0,6593,0,0
0,6592,0,0
0,6591,0,0
0,6590,0,0
0,6589,0,0
0,6588,0,0
0,6587,0,0
0,6586,0,0
0,6585,0,0
0,6584,0,0
0,6583,0,0
0,6582,0,0
0,6581,0,0
0,6580,0,0
0,6579,0,0
0,6578,0,0
0,6577,0,0
0,6576,0,0
0,6575,0,0
0,6574,0,0
0,6573,0,0
0,6572,0,0
0,6571,0,0
0,6570,0,0
0,6569,0,0
0,6568,0,0
0,6567,0,0
0,6566,0,0
0,6565,0,0
0,6564,0,0
0,6563,0,0
0,6562,0,0
0,6561,0,0
0,6560,0,0
0,6559,0,0
0,6558,0,0
0,6557,0,0
0,6556,0,0
0,6555,0,0
0,6554,0,0
0,6553,0,0
0,6552,0,0
0,6551,0,0
0,6550,0,0
0,6549,0,0
0,6548,0,0
0,6547,0,0
0,6546,0,0
0,6545,0,0
0,6544,0,0
0,6543,0,0
0,6542,0,0
0,6541,0,0
0,6540,0,0
0,6539,0,0
0,6538,0,0
0,6537,0,0
0,6536,0,0
0,6535,0,0
0,6534,0,0
0,6533,0,0
0,6532,0,0
0,6531,0,0
0,6530,0,0
0,6529,0,0
0,6528,0,0
0,6527,0,0
0,6526,0,0
0,6525,0,0
0,6524,0,0
0,6523,0,0
0,6522,0,0
0,6521,0,0
0,6520,0,0
0,6519,0,0
0,6518,0,0
0,6517,0,0
0,6516,0,0
0,6515,0,0
0,6514,0,0
0,6513,0,0
0,6512,0,0
0,6511,0,0
0,6510,0,0
0,6509,0,0
0,6508,0,0
0,6507,0,0
0,6506,0,0
0,6505,0,0
0,6504,0,0
0,6503,0,0
0,6502,0,0
0,6501,0,0
0,6500,0,0
0,6499,0,0
0,6498,0,0
0,6497,0,0
0,6496,0,0
0,6495,0,0
0,6494,0,0
0,6493,0,0
0,6492,0,0
0,6491,0,0
0,6490,0,0
0,6489,0,0
0,6488,0,0
0,6487,0,0
0,6486,0,0
0,6485,0,0
0,6484,0,0
0,6483,0,0
0,6482,0,0
0,6481,0,0
0,6480,0,0
0,6479,0,0
0,6478,0,0
0,6477,0,0
0,6476,0,0
0,6475,0,0
0,6474,0,0
0,6473,0,0
0,6472,0,0
0,6471,0,0
0,6470,0,0
0,6469,0,0
0,6468,0,0
0,6467,0,0
0,6466,0,0
0,6465,0,0
0,6464,0,0
0,6463,0,0
0,6462,0,0
0,6461,0,0
0,6460,0,0
0,6459,0,0
0,6458,0,0
0,6457,0,0
0,6456,0,0
0,6455,0,0
0,6454,0,0
0,6453,0,0
0,6452,0,0
0,6451,0,0
0,6450,0,0
0,6449,0,0
0,6448,0,0
0,6447,0,0
0,6446,0,0
0,6445,0,0
0,6444,0,0
0,6443,0,0
0,6442,0,0
0,6441,0,0
0,6440,0,0
0,6439,0,0
0,6438,0,0
0,6437,0,0
0,6436,0,0
0,6435,0,0
0,6434,0,0
0,6433,0,0
0,6432,0,0
0,6431,0,0
0,6430,0,0
0,6429,0,0
0,6428,0,0
0,6427,0,0
0,6426,0,0
0,6425,0,0
0,6424,0,0
0,6423,0,0
0,6422,0,0
0,6421,0,0
0,6420,0,0
0,6419,0,0
0,6418,0,0
0,6417,0,0
0,6416,0,0
0,6415,0,0
0,6414,0,0
0,6413,0,0
0,6412,0,0
0,6411,0,0
0,6410,0,0
0,6409,0,0
0,6408,0,0
0,6407,0,0
0,6406,0,0
0,6405,0,0
0,6404,0,0
0,6403,0,0
0,6402,0,0
0,6401,0,0
0,6400,0,0
0,6399,0,0
0,6398,0,0
0,6397,0,0
0,6396,0,0
0,6395,0,0
0,6394,0,0
0,6393,0,0
0,6392,0,0
0,6391,0,0
0,6390,0,0
0,6389,0,0
0,6388,0,0
0,6387,0,0
0,6386,0,0
0,6385,0,0
0,6384,0,0
0,6383,0,0
0,6382,0,0
0,6381,0,0
0,6380,0,0
0,6379,0,0
0,6378,0,0
0,6377,0,0
0,6376,0,0
0,6375,0,0
0,6374,0,0
0,6373,0,0
0,6372,0,0
0,6371,0,0
0,6370,0,0
0,6369,0,0
0,6368,0,0
0,6367,0,0
0,6366,0,0
0,6365,0,0
0,6364,0,0
0,6363,0,0
0,6362,0,0
0,6361,0,0
0,6360,0,0
0,6359,0,0
0,6358,0,0
0,6357,0,0
0,6356,0,0
0,6355,0,0
0,6354,0,0
0,6353,0,0
0,6352,0,0
0,6351,0,0
0,6350,0,0
0,6349,0,0
0,6348,0,0
0,6347,0,0
0,6346,0,0
0,6345,0,0
0,6344,0,0
0,6343,0,0
0,6342,0,0
0,6341,0,0
0,6340,0,0
0,6339,0,0
0,6338,0,0
0,6337,0,0
0,6336,0,0
0,6335,0,0
0,6334,0,0
0,6333,0,0
0,6332,0,0
0,6331,0,0
0,6330,0,0
0,6329,0,0
0,6328,0,0
0,6327,0,0
0,6326,0,0
0,6325,0,0
0,6324,0,0
0,6323,0,0
0,6322,0,0
0,6321,0,0
0,6320,0,0
0,6319,0,0
0,6318,0,0
0,6317,0,0
0,6316,0,0
0,6315,0,0
0,6314,0,0
0,6313,0,0
0,6312,0,0
0,6311,0,0
0,6310,0,0
0,6309,0,0
0,6308,0,0
0,6307,0,0
0,6306,0,0
0,6305,0,0
0,6304,0,0
0,6303,0,0
0,6302,0,0
0,6301,0,0
0,6300,0,0
0,6299,0,0
0,6298,0,0
0,6297,0,0
0,6296,0,0
0,6295,0,0
0,6294,0,0
0,6293,0,0
0,6292,0,0
0,6291,0,0
0,6290,0,0
0,6289,0,0
0,6288,0,0
0,6287,0,0
0,6286,0,0
0,6285,0,0
0,6284,0,0
0,6283,0,0
0,6282,0,0
0,6281,0,0
0,6280,0,0
0,6279,0,0
0,6278,0,0
0,6277,0,0
0,6276,0,0
0,6275,0,0
0,6274,0,0
0,6273,0,0
0,6272,0,0
0,6271,0,0
0,6270,0,0
0,6269,0,0
0,6268,0,0
0,6267,0,0
0,6266,0,0
0,6265,0,0
0,6264,0,0
0,6263,0,0
0,6262,0,0
0,6261,0,0
0,6260,0,0
0,6259,0,0
0,6258,0,0
0,6257,0,0
0,6256,0,0
0,6255,0,0
0,6254,0,0
0,6253,0,0
0,6252,0,0
0,6251,0,0
0,6250,0,0
0,6249,0,0
0,6248,0,0
0,6247,0,0
0,6246,0,0
0,6245,0,0
0,6244,0,0
0,6243,0,0
0,6242,0,0
0,6241,0,0
0,6240,0,0
0,6239,0,0
0,6238,0,0
0,6237,0,0
0,6236,0,0
0,6235,0,0
0,6234,0,0
0,6233,0,0
0,6232,0,0
0,6231,0,0
0,6230,0,0
0,6229,0,0
0,6228,0,0
0,6227,0,0
0,6226,0,0
0,6225,0,0
0,6224,0,0
0,6223,0,0
0,6222,0,0
0,6221,0,0
0,6220,0,0
0,6219,0,0
0,6218,0,0
0,6217,0,0
0,6216,0,0
0,6215,0,0
0,6214,0,0
0,6213,0,0
0,6212,0,0
0,6211,0,0
0,6210,0,0
0,6209,0,0
0,6208,0,0
0,6207,0,0
0,6206,0,0
0,6205,0,0
0,6204,0,0
0,6203,0,0
0,6202,0,0
0,6201,0,0
0,6200,0,0
0,6199,0,0
0,6198,0,0
0,6197,0,0
0,6196,0,0
0,6195,0,0
0,6194,0,0
0,6193,0,0
0,6192,0,0
0,6191,0,0
0,6190,0,0
0,6189,0,0
0,6188,0,0
0,6187,0,0
0,6186,0,0
0,6185,0,0
0,6184,0,0
0,6183,0,0
0,6182,0,0
0,6181,0,0
0,6180,0,0
0,6179,0,0
0,6178,0,0
0,6177,0,0
0,6176,0,0
0,6175,0,0
0,6174,0,0
0,6173,0,0
0,6172,0,0
0,6171,0,0
0,6170,0,0
0,6169,0,0
0,6168,0,0
0,6167,0,0
0,6166,0,0
0,6165,0,0
0,6164,0,0
0,6163,0,0
0,6162,0,0
0,6161,0,0
0,6160,0,0
0,6159,0,0
0,6158,0,0
0,6157,0,0
0,6156,0,0
0,6155,0,0
0,6154,0,0
0,6153,0,0
0,6152,0,0
0,6151,0,0
0,6150,0,0
0,6149,0,0
0,6148,0,0
0,6147,0,0
0,6146,0,0
0,6145,0,0
0,6144,0,0
0,6143,0,0
0,6142,0,0
0,6141,0,0
0,6140,0,0
0,6139,0,0
0,6138,0,0
0,6137,0,0
0,6136,0,0
0,6135,0,0
0,6134,0,0
0,6133,0,0
0,6132,0,0
0,6131,0,0
0,6130,0,0
0,6129,0,0
0,6128,0,0
0,6127,0,0
0,6126,0,0
0,6125,0,0
0,6124,0,0
0,6123,0,0
0,6122,0,0
0,6121,0,0
0,6120,0,0
0,6119,0,0
0,6118,0,0
0,6117,0,0
0,6116,0,0
0,6115,0,0
0,6114,0,0
0,6113,0,0
0,6112,0,0
0,6111,0,0
0,6110,0,0
0,6109,0,0
0,6108,0,0
0,6107,0,0
0,6106,0,0
0,6105,0,0
0,6104,0,0
0,6103,0,0
0,6102,0,0
0,6101,0,0
0,6100,0,0
0,6099,0,0
0,6098,0,0
0,6097,0,0
0,6096,0,0
0,6095,0,0
0,6094,0,0
0,6093,0,0
0,6092,0,0
0,6091,0,0
0,6090,0,0
0,6089,0,0
0,6088,0,0
0,6087,0,0
0,6086,0,0
0,6085,0,0
0,6084,0,0
0,6083,0,0
0,6082,0,0
0,6081,0,0
0,6080,0,0
0,6079,0,0
0,6078,0,0
0,6077,0,0
0,6076,0,0
0,6075,0,0
0,6074,0,0
0,6073,0,0
0,6072,0,0
0,6071,0,0
0,6070,0,0
0,6069,0,0
0,6068,0,0
0,6067,0,0
0,6066,0,0
0,6065,0,0
0,6064,0,0
0,6063,0,0
0,6062,0,0
0,6061,0,0
0,6060,0,0
0,6059,0,0
0,6058,0,0
0,6057,0,0
0,6056,0,0
0,6055,0,0
0,6054,0,0
0,6053,0,0
0,6052,0,0
0,6051,0,0
0,6050,0,0
0,6049,0,0
0,6048,0,0
0,6047,0,0
0,6046,0,0
0,6045,0,0
0,6044,0,0
0,6043,0,0
0,6042,0,0
0,6041,0,0
0,6040,0,0
0,6039,0,0
0,6038,0,0
0,6037,0,0
0,6036,0,0
0,6035,0,0
0,6034,0,0
0,6033,0,0
0,6032,0,0
0,6031,0,0
0,6030,0,0
0,6029,0,0
0,6028,0,0
0,6027,0,0
0,6026,0,0
0,6025,0,0
0,6024,0,0
0,6023,0,0
0,6022,0,0
0,6021,0,0
0,6020,0,0
0,6019,0,0
0,6018,0,0
0,6017,0,0
0,6016,0,0
0,6015,0,0
0,6014,0,0
0,6013,0,0
0,6012,0,0
0,6011,0,0
0,6010,0,0
0,6009,0,0
0,6008,0,0
0,6007,0,0
0,6006,0,0
0,6005,0,0
0,6004,0,0
0,6003,0,0
0,6002,0,0
0,6001,0,0
0,6000,0,0
0,5999,0,0
0,5998,0,0
0,5997,0,0
0,5996,0,0
0,5995,0,0
0,5994,0,0
0,5993,0,0
0,5992,0,0
0,5991,0,0
0,5990,0,0
0,5989,0,0
0,5988,0,0
0,5987,0,0
0,5986,0,0
0,5985,0,0
0,5984,0,0
0,5983,0,0
0,5982,0,0
0,5981,0,0
0,5980,0,0
0,5979,0,0
0,5978,0,0
0,5977,0,0
0,5976,0,0
0,5975,0,0
0,5974,0,0
0,5973,0,0
0,5972,0,0
0,5971,0,0
0,5970,0,0
0,5969,0,0
0,5968,0,0
0,5967,0,0
0,5966,0,0
0,5965,0,0
0,5964,0,0
0,5963,0,0
0,5962,0,0
0,5961,0,0
0,5960,0,0
0,5959,0,0
0,5958,0,0
0,5957,0,0
0,5956,0,0
0,5955,0,0
0,5954,0,0
0,5953,0,0
0,5952,0,0
0,5951,0,0
0,5950,0,0
0,5949,0,0
0,5948,0,0
0,5947,0,0
0,5946,0,0
0,5945,0,0
0,5944,0,0
0,5943,0,0
0,5942,0,0
0,5941,0,0
0,5940,0,0
0,5939,0,0
0,5938,0,0
0,5937,0,0
0,5936,0,0
0,5935,0,0
0,5934,0,0
0,5933,0,0
0,5932,0,0
0,5931,0,0
0,5930,0,0
0,5929,0,0
0,5928,0,0
0,5927,0,0
0,5926,0,0
0,5925,0,0
0,5924,0,0
0,5923,0,0
0,5922,0,0
0,5921,0,0
0,5920,0,0
0,5919,0,0
0,5918,0,0
0,5917,0,0
0,5916,0,0
0,5915,0,0
0,5914,0,0
0,5913,0,0
0,5912,0,0
0,5911,0,0
0,5910,0,0
0,5909,0,0
0,5908,0,0
0,5907,0,0
0,5906,0,0
0,5905,0,0
0,5904,0,0
0,5903,0,0
0,5902,0,0
0,5901,0,0
0,5900,0,0
0,5899,0,0
0,5898,0,0
0,5897,0,0
0,5896,0,0
0,5895,0,0
0,5894,0,0
0,5893,0,0
0,5892,0,0
0,5891,0,0
0,5890,0,0
0,5889,0,0
0,5888,0,0
0,5887,0,0
0,5886,0,0
0,5885,0,0
0,5884,0,0
0,5883,0,0
0,5882,0,0
0,5881,0,0
0,5880,0,0
0,5879,0,0
0,5878,0,0
0,5877,0,0
0,5876,0,0
0,5875,0,0
0,5874,0,0
0,5873,0,0
0,5872,0,0
0,5871,0,0
0,5870,0,0
0,5869,0,0
0,5868,0,0
0,5867,0,0
0,5866,0,0
0,5865,0,0
0,5864,0,0
0,5863,0,0
0,5862,0,0
0,5861,0,0
0,5860,0,0
0,5859,0,0
0,5858,0,0
0,5857,0,0
0,5856,0,0
0,5855,0,0
0,5854,0,0
0,5853,0,0
0,5852,0,0
0,5851,0,0
0,5850,0,0
0,5849,0,0
0,5848,0,0
0,5847,0,0
0,5846,0,0
0,5845,0,0
0,5844,0,0
0,5843,0,0
0,5842,0,0
0,5841,0,0
0,5840,0,0
0,5839,0,0
0,5838,0,0
0,5837,0,0
0,5836,0,0
0,5835,0,0
0,5834,0,0
0,5833,0,0
0,5832,0,0
0,5831,0,0
0,5830,0,0
0,5829,0,0
0,5828,0,0
0,5827,0,0
0,5826,0,0
0,5825,0,0
0,5824,0,0
0,5823,0,0
0,5822,0,0
0,5821,0,0
0,5820,0,0
0,5819,0,0
0,5818,0,0
0,5817,0,0
0,5816,0,0
0,5815,0,0
0,5814,0,0
0,5813,0,0
0,5812,0,0
0,5811,0,0
0,5810,0,0
0,5809,0,0
0,5808,0,0
0,5807,0,0
0,5806,0,0
0,5805,0,0
0,5804,0,0
0,5803,0,0
0,5802,0,0
0,5801,0,0
0,5800,0,0
0,5799,0,0
0,5798,0,0
0,5797,0,0
0,5796,0,0
0,5795,0,0
0,5794,0,0
0,5793,0,0
0,5792,0,0
0,5791,0,0
0,5790,0,0
0,5789,0,0
0,5788,0,0
0,5787,0,0
0,5786,0,0
0,5785,0,0
0,5784,0,0
0,5783,0,0
0,5782,0,0
0,5781,0,0
0,5780,0,0
0,5779,0,0
0,5778,0,0
0,5777,0,0
0,5776,0,0
0,5775,0,0
0,5774,0,0
0,5773,0,0
0,5772,0,0
0,5771,0,0
0,5770,0,0
0,5769,0,0
0,5768,0,0
0,5767,0,0
0,5766,0,0
0,5765,0,0
0,5764,0,0
0,5763,0,0
0,5762,0,0
0,5761,0,0
0,5760,0,0
0,5759,0,0
0,5758,0,0
0,5757,0,0
0,5756,0,0
0,5755,0,0
0,5754,0,0
0,5753,0,0
0,5752,0,0
0,5751,0,0
0,5750,0,0
0,5749,0,0
0,5748,0,0
0,5747,0,0
0,5746,0,0
0,5745,0,0
0,5744,0,0
0,5743,0,0
0,5742,0,0
0,5741,0,0
0,5740,0,0
0,5739,0,0
0,5738,0,0
0,5737,0,0
0,5736,0,0
0,5735,0,0
0,5734,0,0
0,5733,0,0
0,5732,0,0
0,5731,0,0
0,5730,0,0
0,5729,0,0
0,5728,0,0
0,5727,0,0
0,5726,0,0
0,5725,0,0
0,5724,0,0
0,5723,0,0
0,5722,0,0
0,5721,0,0
0,5720,0,0
0,5719,0,0
0,5718,0,0
0,5717,0,0
0,5716,0,0
0,5715,0,0
0,5714,0,0
0,5713,0,0
0,5712,0,0
0,5711,0,0
0,5710,0,0
0,5709,0,0
0,5708,0,0
0,5707,0,0
0,5706,0,0
0,5705,0,0
0,5704,0,0
0,5703,0,0
0,5702,0,0
0,5701,0,0
0,5700,0,0
0,5699,0,0
0,5698,0,0
0,5697,0,0
0,5696,0,0
0,5695,0,0
0,5694,0,0
0,5693,0,0
0,5692,0,0
0,5691,0,0
0,5690,0,0
0,5689,0,0
0,5688,0,0
0,5687,0,0
0,5686,0,0
0,5685,0,0
0,5684,0,0
0,5683,0,0
0,5682,0,0
0,5681,0,0
0,5680,0,0
0,5679,0,0
0,5678,0,0
0,5677,0,0
0,5676,0,0
0,5675,0,0
0,5674,0,0
0,5673,0,0
0,5672,0,0
0,5671,0,0
0,5670,0,0
0,5669,0,0
0,5668,0,0
0,5667,0,0
0,5666,0,0
0,5665,0,0
0,5664,0,0
0,5663,0,0
0,5662,0,0
0,5661,0,0
0,5660,0,0
0,5659,0,0
0,5658,0,0
0,5657,0,0
0,5656,0,0
0,5655,0,0
0,5654,0,0
0,5653,0,0
0,5652,0,0
0,5651,0,0
0,5650,0,0
0,5649,0,0
0,5648,0,0
0,5647,0,0
0,5646,0,0
0,5645,0,0
0,5644,0,0
0,5643,0,0
0,5642,0,0
0,5641,0,0
0,5640,0,0
0,5639,0,0
0,5638,0,0
0,5637,0,0
0,5636,0,0
0,5635,0,0
0,5634,0,0
0,5633,0,0
0,5632,0,0
0,5631,0,0
0,5630,0,0
0,5629,0,0
0,5628,0,0
0,5627,0,0
0,5626,0,0
0,5625,0,0
0,5624,0,0
0,5623,0,0
0,5622,0,0
0,5621,0,0
0,5620,0,0
0,5619,0,0
0,5618,0,0
0,5617,0,0
0,5616,0,0
0,5615,0,0
0,5614,0,0
0,5613,0,0
0,5612,0,0
0,5611,0,0
0,5610,0,0
0,5609,0,0
0,5608,0,0
0,5607,0,0
0,5606,0,0
0,5605,0,0
0,5604,0,0
0,5603,0,0
0,5602,0,0
0,5601,0,0
0,5600,0,0
0,5599,0,0
0,5598,0,0
0,5597,0,0
0,5596,0,0
0,5595,0,0
0,5594,0,0
0,5593,0,0
0,5592,0,0
0,5591,0,0
0,5590,0,0
0,5589,0,0
0,5588,0,0
0,5587,0,0
0,5586,0,0
0,5585,0,0
0,5584,0,0
0,5583,0,0
0,5582,0,0
0,5581,0,0
0,5580,0,0
0,5579,0,0
0,5578,0,0
0,5577,0,0
0,5576,0,0
0,5575,0,0
0,5574,0,0
0,5573,0,0
0,5572,0,0
0,5571,0,0
0,5570,0,0
0,5569,0,0
0,5568,0,0
0,5567,0,0
0,5566,0,0
0,5565,0,0
0,5564,0,0
0,5563,0,0
0,5562,0,0
0,5561,0,0
0,5560,0,0
0,5559,0,0
0,5558,0,0
0,5557,0,0
0,5556,0,0
0,5555,0,0
0,5554,0,0
0,5553,0,0
0,5552,0,0
0,5551,0,0
0,5550,0,0
0,5549,0,0
0,5548,0,0
0,5547,0,0
0,5546,0,0
0,5545,0,0
0,5544,0,0
0,5543,0,0
0,5542,0,0
0,5541,0,0
0,5540,0,0
0,5539,0,0
0,5538,0,0
0,5537,0,0
0,5536,0,0
0,5535,0,0
0,5534,0,0
0,5533,0,0
0,5532,0,0
0,5531,0,0
0,5530,0,0
0,5529,0,0
0,5528,0,0
0,5527,0,0
0,5526,0,0
0,5525,0,0
0,5524,0,0
0,5523,0,0
0,5522,0,0
0,5521,0,0
0,5520,0,0
0,5519,0,0
0,5518,0,0
0,5517,0,0
0,5516,0,0
0,5515,0,0
0,5514,0,0
0,5513,0,0
0,5512,0,0
0,5511,0,0
0,5510,0,0
0,5509,0,0
0,5508,0,0
0,5507,0,0
0,5506,0,0
0,5505,0,0
0,5504,0,0
0,5503,0,0
0,5502,0,0
0,5501,0,0
0,5500,0,0
0,5499,0,0
0,5498,0,0
0,5497,0,0
0,5496,0,0
0,5495,0,0
0,5494,0,0
0,5493,0,0
0,5492,0,0
0,5491,0,0
0,5490,0,0
0,5489,0,0
0,5488,0,0
0,5487,0,0
0,5486,0,0
0,5485,0,0
0,5484,0,0
0,5483,0,0
0,5482,0,0
0,5481,0,0
0,5480,0,0
0,5479,0,0
0,5478,0,0
0,5477,0,0
0,5476,0,0
0,5475,0,0
0,5474,0,0
0,5473,0,0
0,5472,0,0
0,5471,0,0
0,5470,0,0
0,5469,0,0
0,5468,0,0
0,5467,0,0
0,5466,0,0
0,5465,0,0
0,5464,0,0
0,5463,0,0
0,5462,0,0
0,5461,0,0
0,5460,0,0
0,5459,0,0
0,5458,0,0
0,5457,0,0
0,5456,0,0
0,5455,0,0
0,5454,0,0
0,5453,0,0
0,5452,0,0
0,5451,0,0
0,5450,0,0
0,5449,0,0
0,5448,0,0
0,5447,0,0
0,5446,0,0
0,5445,0,0
0,5444,0,0
0,5443,0,0
0,5442,0,0
0,5441,0,0
0,5440,0,0
0,5439,0,0
0,5438,0,0
0,5437,0,0
0,5436,0,0
0,5435,0,0
0,5434,0,0
0,5433,0,0
0,5432,0,0
0,5431,0,0
0,5430,0,0
0,5429,0,0
0,5428,0,0
0,5427,0,0
0,5426,0,0
0,5425,0,0
0,5424,0,0
0,5423,0,0
0,5422,0,0
0,5421,0,0
0,5420,0,0
0,5419,0,0
0,5418,0,0
0,5417,0,0
0,5416,0,0
0,5415,0,0
0,5414,0,0
0,5413,0,0
0,5412,0,0
0,5411,0,0
0,5410,0,0
0,5409,0,0
0,5408,0,0
0,5407,0,0
0,5406,0,0
0,5405,0,0
0,5404,0,0
0,5403,0,0
0,5402,0,0
0,5401,0,0
0,5400,0,0
0,5399,0,0
0,5398,0,0
0,5397,0,0
0,5396,0,0
0,5395,0,0
0,5394,0,0
0,5393,0,0
0,5392,0,0
0,5391,0,0
0,5390,0,0
0,5389,0,0
0,5388,0,0
0,5387,0,0
0,5386,0,0
0,5385,0,0
0,5384,0,0
0,5383,0,0
0,5382,0,0
0,5381,0,0
0,5380,0,0
0,5379,0,0
0,5378,0,0
0,5377,0,0
0,5376,0,0
0,5375,0,0
0,5374,0,0
0,5373,0,0
0,5372,0,0
0,5371,0,0
0,5370,0,0
0,5369,0,0
0,5368,0,0
0,5367,0,0
0,5366,0,0
0,5365,0,0
0,5364,0,0
0,5363,0,0
0,5362,0,0
0,5361,0,0
0,5360,0,0
0,5359,0,0
0,5358,0,0
0,5357,0,0
0,5356,0,0
0,5355,0,0
0,5354,0,0
0,5353,0,0
0,5352,0,0
0,5351,0,0
0,5350,0,0
0,5349,0,0
0,5348,0,0
0,5347,0,0
0,5346,0,0
0,5345,0,0
0,5344,0,0
0,5343,0,0
0,5342,0,0
0,5341,0,0
0,5340,0,0
0,5339,0,0
0,5338,0,0
0,5337,0,0
0,5336,0,0
0,5335,0,0
0,5334,0,0
0,5333,0,0
0,5332,0,0
0,5331,0,0
0,5330,0,0
0,5329,0,0
0,5328,0,0
0,5327,0,0
0,5326,0,0
0,5325,0,0
0,5324,0,0
0,5323,0,0
0,5322,0,0
0,5321,0,0
0,5320,0,0
0,5319,0,0
0,5318,0,0
0,5317,0,0
0,5316,0,0
0,5315,0,0
0,5314,0,0
0,5313,0,0
0,5312,0,0
0,5311,0,0
0,5310,0,0
0,5309,0,0
0,5308,0,0
0,5307,0,0
0,5306,0,0
0,5305,0,0
0,5304,0,0
0,5303,0,0
0,5302,0,0
0,5301,0,0
0,5300,0,0
0,5299,0,0
0,5298,0,0
0,5297,0,0
0,5296,0,0
0,5295,0,0
0,5294,0,0
0,5293,0,0
0,5292,0,0
0,5291,0,0
0,5290,0,0
0,5289,0,0
0,5288,0,0
0,5287,0,0
0,5286,0,0
0,5285,0,0
0,5284,0,0
0,5283,0,0
0,5282,0,0
0,5281,0,0
0,5280,0,0
0,5279,0,0
0,5278,0,0
0,5277,0,0
0,5276,0,0
0,5275,0,0
0,5274,0,0
0,5273,0,0
0,5272,0,0
0,5271,0,0
0,5270,0,0
0,5269,0,0
0,5268,0,0
0,5267,0,0
0,5266,0,0
0,5265,0,0
0,5264,0,0
0,5263,0,0
0,5262,0,0
0,5261,0,0
0,5260,0,0
0,5259,0,0
0,5258,0,0
0,5257,0,0
0,5256,0,0
0,5255,0,0
0,5254,0,0
0,5253,0,0
0,5252,0,0
0,5251,0,0
0,5250,0,0
0,5249,0,0
0,5248,0,0
0,5247,0,0
0,5246,0,0
0,5245,0,0
0,5244,0,0
0,5243,0,0
0,5242,0,0
0,5241,0,0
0,5240,0,0
0,5239,0,0
0,5238,0,0
0,5237,0,0
0,5236,0,0
0,5235,0,0
0,5234,0,0
0,5233,0,0
0,5232,0,0
0,5231,0,0
0,5230,0,0
0,5229,0,0
0,5228,0,0
0,5227,0,0
0,5226,0,0
0,5225,0,0
0,5224,0,0
0,5223,0,0
0,5222,0,0
0,5221,0,0
0,5220,0,0
0,5219,0,0
0,5218,0,0
0,5217,0,0
0,5216,0,0
0,5215,0,0
0,5214,0,0
0,5213,0,0
0,5212,0,0
0,5211,0,0
0,5210,0,0
0,5209,0,0
0,5208,0,0
0,5207,0,0
0,5206,0,0
0,5205,0,0
0,5204,0,0
0,5203,0,0
0,5202,0,0
0,5201,0,0
0,5200,0,0
0,5199,0,0
0,5198,0,0
0,5197,0,0
0,5196,0,0
0,5195,0,0
0,5194,0,0
0,5193,0,0
0,5192,0,0
0,5191,0,0
0,5190,0,0
0,5189,0,0
0,5188,0,0
0,5187,0,0
0,5186,0,0
0,5185,0,0
0,5184,0,0
0,5183,0,0
0,5182,0,0
0,5181,0,0
0,5180,0,0
0,5179,0,0
0,5178,0,0
0,5177,0,0
0,5176,0,0
0,5175,0,0
0,5174,0,0
0,5173,0,0
0,5172,0,0
0,5171,0,0
0,5170,0,0
0,5169,0,0
0,5168,0,0
0,5167,0,0
0,5166,0,0
0,5165,0,0
0,5164,0,0
0,5163,0,0
0,5162,0,0
0,5161,0,0
0,5160,0,0
0,5159,0,0
0,5158,0,0
0,5157,0,0
0,5156,0,0
0,5155,0,0
0,5154,0,0
0,5153,0,0
0,5152,0,0
0,5151,0,0
0,5150,0,0
0,5149,0,0
0,5148,0,0
0,5147,0,0
0,5146,0,0
0,5145,0,0
0,5144,0,0
0,5143,0,0
0,5142,0,0
0,5141,0,0
0,5140,0,0
0,5139,0,0
0,5138,0,0
0,5137,0,0
0,5136,0,0
0,5135,0,0
0,5134,0,0
0,5133,0,0
0,5132,0,0
0,5131,0,0
0,5130,0,0
0,5129,0,0
0,5128,0,0
0,5127,0,0
0,5126,0,0
0,5125,0,0
0,5124,0,0
0,5123,0,0
0,5122,0,0
0,5121,0,0
0,5120,0,0
0,5119,0,0
0,5118,0,0
0,5117,0,0
0,5116,0,0
0,5115,0,0
0,5114,0,0
0,5113,0,0
0,5112,0,0
0,5111,0,0
0,5110,0,0
0,5109,0,0
0,5108,0,0
0,5107,0,0
0,5106,0,0
0,5105,0,0
0,5104,0,0
0,5103,0,0
0,5102,0,0
0,5101,0,0
0,5100,0,0
0,5099,0,0
0,5098,0,0
0,5097,0,0
0,5096,0,0
0,5095,0,0
0,5094,0,0
0,5093,0,0
0,5092,0,0
0,5091,0,0
0,5090,0,0
0,5089,0,0
0,5088,0,0
0,5087,0,0
0,5086,0,0
0,5085,0,0
0,5084,0,0
0,5083,0,0
0,5082,0,0
0,5081,0,0
0,5080,0,0
0,5079,0,0
0,5078,0,0
0,5077,0,0
0,5076,0,0
0,5075,0,0
0,5074,0,0
0,5073,0,0
0,5072,0,0
0,5071,0,0
0,5070,0,0
0,5069,0,0
0,5068,0,0
0,5067,0,0
0,5066,0,0
0,5065,0,0
0,5064,0,0
0,5063,0,0
0,5062,0,0
0,5061,0,0
0,5060,0,0
0,5059,0,0
0,5058,0,0
0,5057,0,0
0,5056,0,0
0,5055,0,0
0,5054,0,0
0,5053,0,0
0,5052,0,0
0,5051,0,0
0,5050,0,0
0,5049,0,0
0,5048,0,0
0,5047,0,0
0,5046,0,0
0,5045,0,0
0,5044,0,0
0,5043,0,0
0,5042,0,0
0,5041,0,0
0,5040,0,0
0,5039,0,0
0,5038,0,0
0,5037,0,0
0,5036,0,0
0,5035,0,0
0,5034,0,0
0,5033,0,0
0,5032,0,0
0,5031,0,0
0,5030,0,0
0,5029,0,0
0,5028,0,0
0,5027,0,0
0,5026,0,0
0,5025,0,0
0,5024,0,0
0,5023,0,0
0,5022,0,0
0,5021,0,0
0,5020,0,0
0,5019,0,0
0,5018,0,0
0,5017,0,0
0,5016,0,0
0,5015,0,0
0,5014,0,0
0,5013,0,0
0,5012,0,0
0,5011,0,0
0,5010,0,0
0,5009,0,0
0,5008,0,0
0,5007,0,0
0,5006,0,0
0,5005,0,0
0,5004,0,0
0,5003,0,0
0,5002,0,0
0,5001,0,0
0,5000,0,0
0,4999,0,0
0,4998,0,0
0,4997,0,0
0,4996,0,0
0,4995,0,0
0,4994,0,0
0,4993,0,0
0,4992,0,0
0,4991,0,0
0,4990,0,0
0,4989,0,0
0,4988,0,0
0,4987,0,0
0,4986,0,0
0,4985,0,0
0,4984,0,0
0,4983,0,0
0,4982,0,0
0,4981,0,0
0,4980,0,0
0,4979,0,0
0,4978,0,0
0,4977,0,0
0,4976,0,0
0,4975,0,0
0,4974,0,0
0,4973,0,0
0,4972,0,0
0,4971,0,0
0,4970,0,0
0,4969,0,0
0,4968,0,0
0,4967,0,0
0,4966,0,0
0,4965,0,0
0,4964,0,0
0,4963,0,0
0,4962,0,0
0,4961,0,0
0,4960,0,0
0,4959,0,0
0,4958,0,0
0,4957,0,0
0,4956,0,0
0,4955,0,0
0,4954,0,0
0,4953,0,0
0,4952,0,0
0,4951,0,0
0,4950,0,0
0,4949,0,0
0,4948,0,0
0,4947,0,0
0,4946,0,0
0,4945,0,0
0,4944,0,0
0,4943,0,0
0,4942,0,0
0,4941,0,0
0,4940,0,0
0,4939,0,0
0,4938,0,0
0,4937,0,0
0,4936,0,0
0,4935,0,0
0,4934,0,0
0,4933,0,0
0,4932,0,0
0,4931,0,0
0,4930,0,0
0,4929,0,0
0,4928,0,0
0,4927,0,0
0,4926,0,0
0,4925,0,0
0,4924,0,0
0,4923,0,0
0,4922,0,0
0,4921,0,0
0,4920,0,0
0,4919,0,0
0,4918,0,0
0,4917,0,0
0,4916,0,0
0,4915,0,0
0,4914,0,0
0,4913,0,0
0,4912,0,0
0,4911,0,0
0,4910,0,0
0,4909,0,0
0,4908,0,0
0,4907,0,0
0,4906,0,0
0,4905,0,0
0,4904,0,0
0,4903,0,0
0,4902,0,0
0,4901,0,0
0,4900,0,0
0,4899,0,0
0,4898,0,0
0,4897,0,0
0,4896,0,0
0,4895,0,0
0,4894,0,0
0,4893,0,0
0,4892,0,0
0,4891,0,0
0,4890,0,0
0,4889,0,0
0,4888,0,0
0,4887,0,0
0,4886,0,0
0,4885,0,0
0,4884,0,0
0,4883,0,0
0,4882,0,0
0,4881,0,0
0,4880,0,0
0,4879,0,0
0,4878,0,0
0,4877,0,0
0,4876,0,0
0,4875,0,0
0,4874,0,0
0,4873,0,0
0,4872,0,0
0,4871,0,0
0,4870,0,0
0,4869,0,0
0,4868,0,0
0,4867,0,0
0,4866,0,0
0,4865,0,0
0,4864,0,0
0,4863,0,0
0,4862,0,0
0,4861,0,0
0,4860,0,0
0,4859,0,0
0,4858,0,0
0,4857,0,0
0,4856,0,0
0,4855,0,0
0,4854,0,0
0,4853,0,0
0,4852,0,0
0,4851,0,0
0,4850,0,0
0,4849,0,0
0,4848,0,0
0,4847,0,0
0,4846,0,0
0,4845,0,0
0,4844,0,0
0,4843,0,0
0,4842,0,0
0,4841,0,0
0,4840,0,0
0,4839,0,0
0,4838,0,0
0,4837,0,0
0,4836,0,0
0,4835,0,0
0,4834,0,0
0,4833,0,0
0,4832,0,0
0,4831,0,0
0,4830,0,0
0,4829,0,0
0,4828,0,0
0,4827,0,0
0,4826,0,0
0,4825,0,0
0,4824,0,0
0,4823,0,0
0,4822,0,0
0,4821,0,0
0,4820,0,0
0,4819,0,0
0,4818,0,0
0,4817,0,0
0,4816,0,0
0,4815,0,0
0,4814,0,0
0,4813,0,0
0,4812,0,0
0,4811,0,0
0,4810,0,0
0,4809,0,0
0,4808,0,0
0,4807,0,0
0,4806,0,0
0,4805,0,0
0,4804,0,0
0,4803,0,0
0,4802,0,0
0,4801,0,0
0,4800,0,0
0,4799,0,0
0,4798,0,0
0,4797,0,0
0,4796,0,0
0,4795,0,0
0,4794,0,0
0,4793,0,0
0,4792,0,0
0,4791,0,0
0,4790,0,0
0,4789,0,0
0,4788,0,0
0,4787,0,0
0,4786,0,0
0,4785,0,0
0,4784,0,0
0,4783,0,0
0,4782,0,0
0,4781,0,0
0,4780,0,0
0,4779,0,0
0,4778,0,0
0,4777,0,0
0,4776,0,0
0,4775,0,0
0,4774,0,0
0,4773,0,0
0,4772,0,0
0,4771,0,0
0,4770,0,0
0,4769,0,0
0,4768,0,0
0,4767,0,0
0,4766,0,0
0,4765,0,0
0,4764,0,0
0,4763,0,0
0,4762,0,0
0,4761,0,0
0,4760,0,0
0,4759,0,0
0,4758,0,0
0,4757,0,0
0,4756,0,0
0,4755,0,0
0,4754,0,0
0,4753,0,0
0,4752,0,0
0,4751,0,0
0,4750,0,0
0,4749,0,0
0,4748,0,0
0,4747,0,0
0,4746,0,0
0,4745,0,0
0,4744,0,0
0,4743,0,0
0,4742,0,0
0,4741,0,0
0,4740,0,0
0,4739,0,0
0,4738,0,0
0,4737,0,0
0,4736,0,0
0,4735,0,0
0,4734,0,0
0,4733,0,0
0,4732,0,0
0,4731,0,0
0,4730,0,0
0,4729,0,0
0,4728,0,0
0,4727,0,0
0,4726,0,0
0,4725,0,0
0,4724,0,0
0,4723,0,0
0,4722,0,0
0,4721,0,0
0,4720,0,0
0,4719,0,0
0,4718,0,0
0,4717,0,0
0,4716,0,0
0,4715,0,0
0,4714,0,0
0,4713,0,0
0,4712,0,0
0,4711,0,0
0,4710,0,0
0,4709,0,0
0,4708,0,0
0,4707,0,0
0,4706,0,0
0,4705,0,0
0,4704,0,0
0,4703,0,0
0,4702,0,0
0,4701,0,0
0,4700,0,0
0,4699,0,0
0,4698,0,0
0,4697,0,0
0,4696,0,0
0,4695,0,0
0,4694,0,0
0,4693,0,0
0,4692,0,0
0,4691,0,0
0,4690,0,0
0,4689,0,0
0,4688,0,0
0,4687,0,0
0,4686,0,0
0,4685,0,0
0,4684,0,0
0,4683,0,0
0,4682,0,0
0,4681,0,0
0,4680,0,0
0,4679,0,0
0,4678,0,0
0,4677,0,0
0,4676,0,0
0,4675,0,0
0,4674,0,0
0,4673,0,0
0,4672,0,0
0,4671,0,0
0,4670,0,0
0,4669,0,0
0,4668,0,0
0,4667,0,0
0,4666,0,0
0,4665,0,0
0,4664,0,0
0,4663,0,0
0,4662,0,0
0,4661,0,0
0,4660,0,0
0,4659,0,0
0,4658,0,0
0,4657,0,0
0,4656,0,0
0,4655,0,0
0,4654,0,0
0,4653,0,0
0,4652,0,0
0,4651,0,0
0,4650,0,0
0,4649,0,0
0,4648,0,0
0,4647,0,0
0,4646,0,0
0,4645,0,0
0,4644,0,0
0,4643,0,0
0,4642,0,0
0,4641,0,0
0,4640,0,0
0,4639,0,0
0,4638,0,0
0,4637,0,0
0,4636,0,0
0,4635,0,0
0,4634,0,0
0,4633,0,0
0,4632,0,0
0,4631,0,0
0,4630,0,0
0,4629,0,0
0,4628,0,0
0,4627,0,0
0,4626,0,0
0,4625,0,0
0,4624,0,0
0,4623,0,0
0,4622,0,0
0,4621,0,0
0,4620,0,0
0,4619,0,0
0,4618,0,0
0,4617,0,0
0,4616,0,0
0,4615,0,0
0,4614,0,0
0,4613,0,0
0,4612,0,0
0,4611,0,0
0,4610,0,0
0,4609,0,0
0,4608,0,0
0,4607,0,0
0,4606,0,0
0,4605,0,0
0,4604,0,0
0,4603,0,0
0,4602,0,0
0,4601,0,0
0,4600,0,0
0,4599,0,0
0,4598,0,0
0,4597,0,0
0,4596,0,0
0,4595,0,0
0,4594,0,0
0,4593,0,0
0,4592,0,0
0,4591,0,0
0,4590,0,0
0,4589,0,0
0,4588,0,0
0,4587,0,0
0,4586,0,0
0,4585,0,0
0,4584,0,0
0,4583,0,0
0,4582,0,0
0,4581,0,0
0,4580,0,0
0,4579,0,0
0,4578,0,0
0,4577,0,0
0,4576,0,0
0,4575,0,0
0,4574,0,0
0,4573,0,0
0,4572,0,0
0,4571,0,0
0,4570,0,0
0,4569,0,0
0,4568,0,0
0,4567,0,0
0,4566,0,0
0,4565,0,0
0,4564,0,0
0,4563,0,0
0,4562,0,0
0,4561,0,0
0,4560,0,0
0,4559,0,0
0,4558,0,0
0,4557,0,0
0,4556,0,0
0,4555,0,0
0,4554,0,0
0,4553,0,0
0,4552,0,0
0,4551,0,0
0,4550,0,0
0,4549,0,0
0,4548,0,0
0,4547,0,0
0,4546,0,0
0,4545,0,0
0,4544,0,0
0,4543,0,0
0,4542,0,0
0,4541,0,0
0,4540,0,0
0,4539,0,0
0,4538,0,0
0,4537,0,0
0,4536,0,0
0,4535,0,0
0,4534,0,0
0,4533,0,0
0,4532,0,0
0,4531,0,0
0,4530,0,0
0,4529,0,0
0,4528,0,0
0,4527,0,0
0,4526,0,0
0,4525,0,0
0,4524,0,0
0,4523,0,0
0,4522,0,0
0,4521,0,0
0,4520,0,0
0,4519,0,0
0,4518,0,0
0,4517,0,0
0,4516,0,0
0,4515,0,0
0,4514,0,0
0,4513,0,0
0,4512,0,0
0,4511,0,0
0,4510,0,0
0,4509,0,0
0,4508,0,0
0,4507,0,0
0,4506,0,0
0,4505,0,0
0,4504,0,0
0,4503,0,0
0,4502,0,0
0,4501,0,0
0,4500,0,0
0,4499,0,0
0,4498,0,0
0,4497,0,0
0,4496,0,0
0,4495,0,0
0,4494,0,0
0,4493,0,0
0,4492,0,0
0,4491,0,0
0,4490,0,0
0,4489,0,0
0,4488,0,0
0,4487,0,0
0,4486,0,0
0,4485,0,0
0,4484,0,0
0,4483,0,0
0,4482,0,0
0,4481,0,0
0,4480,0,0
0,4479,0,0
0,4478,0,0
0,4477,0,0
0,4476,0,0
0,4475,0,0
0,4474,0,0
0,4473,0,0
0,4472,0,0
0,4471,0,0
0,4470,0,0
0,4469,0,0
0,4468,0,0
0,4467,0,0
0,4466,0,0
0,4465,0,0
0,4464,0,0
0,4463,0,0
0,4462,0,0
0,4461,0,0
0,4460,0,0
0,4459,0,0
0,4458,0,0
0,4457,0,0
0,4456,0,0
0,4455,0,0
0,4454,0,0
0,4453,0,0
0,4452,0,0
0,4451,0,0
0,4450,0,0
0,4449,0,0
0,4448,0,0
0,4447,0,0
0,4446,0,0
0,4445,0,0
0,4444,0,0
0,4443,0,0
0,4442,0,0
0,4441,0,0
0,4440,0,0
0,4439,0,0
0,4438,0,0
0,4437,0,0
0,4436,0,0
0,4435,0,0
0,4434,0,0
0,4433,0,0
0,4432,0,0
0,4431,0,0
0,4430,0,0
0,4429,0,0
0,4428,0,0
0,4427,0,0
0,4426,0,0
0,4425,0,0
0,4424,0,0
0,4423,0,0
0,4422,0,0
0,4421,0,0
0,4420,0,0
0,4419,0,0
0,4418,0,0
0,4417,0,0
0,4416,0,0
0,4415,0,0
0,4414,0,0
0,4413,0,0
0,4412,0,0
0,4411,0,0
0,4410,0,0
0,4409,0,0
0,4408,0,0
0,4407,0,0
0,4406,0,0
0,4405,0,0
0,4404,0,0
0,4403,0,0
0,4402,0,0
0,4401,0,0
0,4400,0,0
0,4399,0,0
0,4398,0,0
0,4397,0,0
0,4396,0,0
0,4395,0,0
0,4394,0,0
0,4393,0,0
0,4392,0,0
0,4391,0,0
0,4390,0,0
0,4389,0,0
0,4388,0,0
0,4387,0,0
0,4386,0,0
0,4385,0,0
0,4384,0,0
0,4383,0,0
0,4382,0,0
0,4381,0,0
0,4380,0,0
0,4379,0,0
0,4378,0,0
0,4377,0,0
0,4376,0,0
0,4375,0,0
0,4374,0,0
0,4373,0,0
0,4372,0,0
0,4371,0,0
0,4370,0,0
0,4369,0,0
0,4368,0,0
0,4367,0,0
0,4366,0,0
0,4365,0,0
0,4364,0,0
0,4363,0,0
0,4362,0,0
0,4361,0,0
0,4360,0,0
0,4359,0,0
0,4358,0,0
0,4357,0,0
0,4356,0,0
0,4355,0,0
0,4354,0,0
0,4353,0,0
0,4352,0,0
0,4351,0,0
0,4350,0,0
0,4349,0,0
0,4348,0,0
0,4347,0,0
0,4346,0,0
0,4345,0,0
0,4344,0,0
0,4343,0,0
0,4342,0,0
0,4341,0,0
0,4340,0,0
0,4339,0,0
0,4338,0,0
0,4337,0,0
0,4336,0,0
0,4335,0,0
0,4334,0,0
0,4333,0,0
0,4332,0,0
0,4331,0,0
0,4330,0,0
0,4329,0,0
0,4328,0,0
0,4327,0,0
0,4326,0,0
0,4325,0,0
0,4324,0,0
0,4323,0,0
0,4322,0,0
0,4321,0,0
0,4320,0,0
0,4319,0,0
0,4318,0,0
0,4317,0,0
0,4316,0,0
0,4315,0,0
0,4314,0,0
0,4313,0,0
0,4312,0,0
0,4311,0,0
0,4310,0,0
0,4309,0,0
0,4308,0,0
0,4307,0,0
0,4306,0,0
0,4305,0,0
0,4304,0,0
0,4303,0,0
0,4302,0,0
0,4301,0,0
0,4300,0,0
0,4299,0,0
0,4298,0,0
0,4297,0,0
0,4296,0,0
0,4295,0,0
0,4294,0,0
0,4293,0,0
0,4292,0,0
0,4291,0,0
0,4290,0,0
0,4289,0,0
0,4288,0,0
0,4287,0,0
0,4286,0,0
0,4285,0,0
0,4284,0,0
0,4283,0,0
0,4282,0,0
0,4281,0,0
0,4280,0,0
0,4279,0,0
0,4278,0,0
0,4277,0,0
0,4276,0,0
0,4275,0,0
0,4274,0,0
0,4273,0,0
0,4272,0,0
0,4271,0,0
0,4270,0,0
0,4269,0,0
0,4268,0,0
0,4267,0,0
0,4266,0,0
0,4265,0,0
0,4264,0,0
0,4263,0,0
0,4262,0,0
0,4261,0,0
0,4260,0,0
0,4259,0,0
0,4258,0,0
0,4257,0,0
0,4256,0,0
0,4255,0,0
0,4254,0,0
0,4253,0,0
0,4252,0,0
0,4251,0,0
0,4250,0,0
0,4249,0,0
0,4248,0,0
0,4247,0,0
0,4246,0,0
0,4245,0,0
0,4244,0,0
0,4243,0,0
0,4242,0,0
0,4241,0,0
0,4240,0,0
0,4239,0,0
0,4238,0,0
0,4237,0,0
0,4236,0,0
0,4235,0,0
0,4234,0,0
0,4233,0,0
0,4232,0,0
0,4231,0,0
0,4230,0,0
0,4229,0,0
0,4228,0,0
0,4227,0,0
0,4226,0,0
0,4225,0,0
0,4224,0,0
0,4223,0,0
0,4222,0,0
0,4221,0,0
0,4220,0,0
0,4219,0,0
0,4218,0,0
0,4217,0,0
0,4216,0,0
0,4215,0,0
0,4214,0,0
0,4213,0,0
0,4212,0,0
0,4211,0,0
0,4210,0,0
0,4209,0,0
0,4208,0,0
0,4207,0,0
0,4206,0,0
0,4205,0,0
0,4204,0,0
0,4203,0,0
0,4202,0,0
0,4201,0,0
0,4200,0,0
0,4199,0,0
0,4198,0,0
0,4197,0,0
0,4196,0,0
0,4195,0,0
0,4194,0,0
0,4193,0,0
0,4192,0,0
0,4191,0,0
0,4190,0,0
0,4189,0,0
0,4188,0,0
0,4187,0,0
0,4186,0,0
0,4185,0,0
0,4184,0,0
0,4183,0,0
0,4182,0,0
0,4181,0,0
0,4180,0,0
0,4179,0,0
0,4178,0,0
0,4177,0,0
0,4176,0,0
0,4175,0,0
0,4174,0,0
0,4173,0,0
0,4172,0,0
0,4171,0,0
0,4170,0,0
0,4169,0,0
0,4168,0,0
0,4167,0,0
0,4166,0,0
0,4165,0,0
0,4164,0,0
0,4163,0,0
0,4162,0,0
0,4161,0,0
0,4160,0,0
0,4159,0,0
0,4158,0,0
0,4157,0,0
0,4156,0,0
0,4155,0,0
0,4154,0,0
0,4153,0,0
0,4152,0,0
0,4151,0,0
0,4150,0,0
0,4149,0,0
0,4148,0,0
0,4147,0,0
0,4146,0,0
0,4145,0,0
0,4144,0,0
0,4143,0,0
0,4142,0,0
0,4141,0,0
0,4140,0,0
0,4139,0,0
0,4138,0,0
0,4137,0,0
0,4136,0,0
0,4135,0,0
0,4134,0,0
0,4133,0,0
0,4132,0,0
0,4131,0,0
0,4130,0,0
0,4129,0,0
0,4128,0,0
0,4127,0,0
0,4126,0,0
0,4125,0,0
0,4124,0,0
0,4123,0,0
0,4122,0,0
0,4121,0,0
0,4120,0,0
0,4119,0,0
0,4118,0,0
0,4117,0,0
0,4116,0,0
0,4115,0,0
0,4114,0,0
0,4113,0,0
0,4112,0,0
0,4111,0,0
0,4110,0,0
0,4109,0,0
0,4108,0,0
0,4107,0,0
0,4106,0,0
0,4105,0,0
0,4104,0,0
0,4103,0,0
0,4102,0,0
0,4101,0,0
0,4100,0,0
0,4099,0,0
0,4098,0,0
0,4097,0,0
0,4096,0,0
0,4095,0,0
0,4094,0,0
0,4093,0,0
0,4092,0,0
0,4091,0,0
0,4090,0,0
0,4089,0,0
0,4088,0,0
0,4087,0,0
0,4086,0,0
0,4085,0,0
0,4084,0,0
0,4083,0,0
0,4082,0,0
0,4081,0,0
0,4080,0,0
0,4079,0,0
0,4078,0,0
0,4077,0,0
0,4076,0,0
0,4075,0,0
0,4074,0,0
0,4073,0,0
0,4072,0,0
0,4071,0,0
0,4070,0,0
0,4069,0,0
0,4068,0,0
0,4067,0,0
0,4066,0,0
0,4065,0,0
0,4064,0,0
0,4063,0,0
0,4062,0,0
0,4061,0,0
0,4060,0,0
0,4059,0,0
0,4058,0,0
0,4057,0,0
0,4056,0,0
0,4055,0,0
0,4054,0,0
0,4053,0,0
0,4052,0,0
0,4051,0,0
0,4050,0,0
0,4049,0,0
0,4048,0,0
0,4047,0,0
0,4046,0,0
0,4045,0,0
0,4044,0,0
0,4043,0,0
0,4042,0,0
0,4041,0,0
0,4040,0,0
0,4039,0,0
0,4038,0,0
0,4037,0,0
0,4036,0,0
0,4035,0,0
0,4034,0,0
0,4033,0,0
0,4032,0,0
0,4031,0,0
0,4030,0,0
0,4029,0,0
0,4028,0,0
0,4027,0,0
0,4026,0,0
0,4025,0,0
0,4024,0,0
0,4023,0,0
0,4022,0,0
0,4021,0,0
0,4020,0,0
0,4019,0,0
0,4018,0,0
0,4017,0,0
0,4016,0,0
0,4015,0,0
0,4014,0,0
0,4013,0,0
0,4012,0,0
0,4011,0,0
0,4010,0,0
0,4009,0,0
0,4008,0,0
0,4007,0,0
0,4006,0,0
0,4005,0,0
0,4004,0,0
0,4003,0,0
0,4002,0,0
0,4001,0,0
0,4000,0,0
0,3999,0,0
0,3998,0,0
0,3997,0,0
0,3996,0,0
0,3995,0,0
0,3994,0,0
0,3993,0,0
0,3992,0,0
0,3991,0,0
0,3990,0,0
0,3989,0,0
0,3988,0,0
0,3987,0,0
0,3986,0,0
0,3985,0,0
0,3984,0,0
0,3983,0,0
0,3982,0,0
0,3981,0,0
0,3980,0,0
0,3979,0,0
0,3978,0,0
0,3977,0,0
0,3976,0,0
0,3975,0,0
0,3974,0,0
0,3973,0,0
0,3972,0,0
0,3971,0,0
0,3970,0,0
0,3969,0,0
0,3968,0,0
0,3967,0,0
0,3966,0,0
0,3965,0,0
0,3964,0,0
0,3963,0,0
0,3962,0,0
0,3961,0,0
0,3960,0,0
0,3959,0,0
0,3958,0,0
0,3957,0,0
0,3956,0,0
0,3955,0,0
0,3954,0,0
0,3953,0,0
0,3952,0,0
0,3951,0,0
0,3950,0,0
0,3949,0,0
0,3948,0,0
0,3947,0,0
0,3946,0,0
0,3945,0,0
0,3944,0,0
0,3943,0,0
0,3942,0,0
0,3941,0,0
0,3940,0,0
0,3939,0,0
0,3938,0,0
0,3937,0,0
0,3936,0,0
0,3935,0,0
0,3934,0,0
0,3933,0,0
0,3932,0,0
0,3931,0,0
0,3930,0,0
0,3929,0,0
0,3928,0,0
0,3927,0,0
0,3926,0,0
0,3925,0,0
0,3924,0,0
0,3923,0,0
0,3922,0,0
0,3921,0,0
0,3920,0,0
0,3919,0,0
0,3918,0,0
0,3917,0,0
0,3916,0,0
0,3915,0,0
0,3914,0,0
0,3913,0,0
0,3912,0,0
0,3911,0,0
0,3910,0,0
0,3909,0,0
0,3908,0,0
0,3907,0,0
0,3906,0,0
0,3905,0,0
0,3904,0,0
0,3903,0,0
0,3902,0,0
0,3901,0,0
0,3900,0,0
0,3899,0,0
0,3898,0,0
0,3897,0,0
0,3896,0,0
0,3895,0,0
0,3894,0,0
0,3893,0,0
0,3892,0,0
0,3891,0,0
0,3890,0,0
0,3889,0,0
0,3888,0,0
0,3887,0,0
0,3886,0,0
0,3885,0,0
0,3884,0,0
0,3883,0,0
0,3882,0,0
0,3881,0,0
0,3880,0,0
0,3879,0,0
0,3878,0,0
0,3877,0,0
0,3876,0,0
0,3875,0,0
0,3874,0,0
0,3873,0,0
0,3872,0,0
0,3871,0,0
0,3870,0,0
0,3869,0,0
0,3868,0,0
0,3867,0,0
0,3866,0,0
0,3865,0,0
0,3864,0,0
0,3863,0,0
0,3862,0,0
0,3861,0,0
0,3860,0,0
0,3859,0,0
0,3858,0,0
0,3857,0,0
0,3856,0,0
0,3855,0,0
0,3854,0,0
0,3853,0,0
0,3852,0,0
0,3851,0,0
0,3850,0,0
0,3849,0,0
0,3848,0,0
0,3847,0,0
0,3846,0,0
0,3845,0,0
0,3844,0,0
0,3843,0,0
0,3842,0,0
0,3841,0,0
0,3840,0,0
0,3839,0,0
0,3838,0,0
0,3837,0,0
0,3836,0,0
0,3835,0,0
0,3834,0,0
0,3833,0,0
0,3832,0,0
0,3831,0,0
0,3830,0,0
0,3829,0,0
0,3828,0,0
0,3827,0,0
0,3826,0,0
0,3825,0,0
0,3824,0,0
0,3823,0,0
0,3822,0,0
0,3821,0,0
0,3820,0,0
0,3819,0,0
0,3818,0,0
0,3817,0,0
0,3816,0,0
0,3815,0,0
0,3814,0,0
0,3813,0,0
0,3812,0,0
0,3811,0,0
0,3810,0,0
0,3809,0,0
0,3808,0,0
0,3807,0,0
0,3806,0,0
0,3805,0,0
0,3804,0,0
0,3803,0,0
0,3802,0,0
0,3801,0,0
0,3800,0,0
0,3799,0,0
0,3798,0,0
0,3797,0,0
0,3796,0,0
0,3795,0,0
0,3794,0,0
0,3793,0,0
0,3792,0,0
0,3791,0,0
0,3790,0,0
0,3789,0,0
0,3788,0,0
0,3787,0,0
0,3786,0,0
0,3785,0,0
0,3784,0,0
0,3783,0,0
0,3782,0,0
0,3781,0,0
0,3780,0,0
0,3779,0,0
0,3778,0,0
0,3777,0,0
0,3776,0,0
0,3775,0,0
0,3774,0,0
0,3773,0,0
0,3772,0,0
0,3771,0,0
0,3770,0,0
0,3769,0,0
0,3768,0,0
0,3767,0,0
0,3766,0,0
0,3765,0,0
0,3764,0,0
0,3763,0,0
0,3762,0,0
0,3761,0,0
0,3760,0,0
0,3759,0,0
0,3758,0,0
0,3757,0,0
0,3756,0,0
0,3755,0,0
0,3754,0,0
0,3753,0,0
0,3752,0,0
0,3751,0,0
0,3750,0,0
0,3749,0,0
0,3748,0,0
0,3747,0,0
0,3746,0,0
0,3745,0,0
0,3744,0,0
0,3743,0,0
0,3742,0,0
0,3741,0,0
0,3740,0,0
0,3739,0,0
0,3738,0,0
0,3737,0,0
0,3736,0,0
0,3735,0,0
0,3734,0,0
0,3733,0,0
0,3732,0,0
0,3731,0,0
0,3730,0,0
0,3729,0,0
0,3728,0,0
0,3727,0,0
0,3726,0,0
0,3725,0,0
0,3724,0,0
0,3723,0,0
0,3722,0,0
0,3721,0,0
0,3720,0,0
0,3719,0,0
0,3718,0,0
0,3717,0,0
0,3716,0,0
0,3715,0,0
0,3714,0,0
0,3713,0,0
0,3712,0,0
0,3711,0,0
0,3710,0,0
0,3709,0,0
0,3708,0,0
0,3707,0,0
0,3706,0,0
0,3705,0,0
0,3704,0,0
0,3703,0,0
0,3702,0,0
0,3701,0,0
0,3700,0,0
0,3699,0,0
0,3698,0,0
0,3697,0,0
0,3696,0,0
0,3695,0,0
0,3694,0,0
0,3693,0,0
0,3692,0,0
0,3691,0,0
0,3690,0,0
0,3689,0,0
0,3688,0,0
0,3687,0,0
0,3686,0,0
0,3685,0,0
0,3684,0,0
0,3683,0,0
0,3682,0,0
0,3681,0,0
0,3680,0,0
0,3679,0,0
0,3678,0,0
0,3677,0,0
0,3676,0,0
0,3675,0,0
0,3674,0,0
0,3673,0,0
0,3672,0,0
0,3671,0,0
0,3670,0,0
0,3669,0,0
0,3668,0,0
0,3667,0,0
0,3666,0,0
0,3665,0,0
0,3664,0,0
0,3663,0,0
0,3662,0,0
0,3661,0,0
0,3660,0,0
0,3659,0,0
0,3658,0,0
0,3657,0,0
0,3656,0,0
0,3655,0,0
0,3654,0,0
0,3653,0,0
0,3652,0,0
0,3651,0,0
0,3650,0,0
0,3649,0,0
0,3648,0,0
0,3647,0,0
0,3646,0,0
0,3645,0,0
0,3644,0,0
0,3643,0,0
0,3642,0,0
0,3641,0,0
0,3640,0,0
0,3639,0,0
0,3638,0,0
0,3637,0,0
0,3636,0,0
0,3635,0,0
0,3634,0,0
0,3633,0,0
0,3632,0,0
0,3631,0,0
0,3630,0,0
0,3629,0,0
0,3628,0,0
0,3627,0,0
0,3626,0,0
0,3625,0,0
0,3624,0,0
0,3623,0,0
0,3622,0,0
0,3621,0,0
0,3620,0,0
0,3619,0,0
0,3618,0,0
0,3617,0,0
0,3616,0,0
0,3615,0,0
0,3614,0,0
0,3613,0,0
0,3612,0,0
0,3611,0,0
0,3610,0,0
0,3609,0,0
0,3608,0,0
0,3607,0,0
0,3606,0,0
0,3605,0,0
0,3604,0,0
0,3603,0,0
0,3602,0,0
0,3601,0,0
0,3600,0,0
0,3599,0,0
0,3598,0,0
0,3597,0,0
0,3596,0,0
0,3595,0,0
0,3594,0,0
0,3593,0,0
0,3592,0,0
0,3591,0,0
0,3590,0,0
0,3589,0,0
0,3588,0,0
0,3587,0,0
0,3586,0,0
0,3585,0,0
0,3584,0,0
0,3583,0,0
0,3582,0,0
0,3581,0,0
0,3580,0,0
0,3579,0,0
0,3578,0,0
0,3577,0,0
0,3576,0,0
0,3575,0,0
0,3574,0,0
0,3573,0,0
0,3572,0,0
0,3571,0,0
0,3570,0,0
0,3569,0,0
0,3568,0,0
0,3567,0,0
0,3566,0,0
0,3565,0,0
0,3564,0,0
0,3563,0,0
0,3562,0,0
0,3561,0,0
0,3560,0,0
0,3559,0,0
0,3558,0,0
0,3557,0,0
0,3556,0,0
0,3555,0,0
0,3554,0,0
0,3553,0,0
0,3552,0,0
0,3551,0,0
0,3550,0,0
0,3549,0,0
0,3548,0,0
0,3547,0,0
0,3546,0,0
0,3545,0,0
0,3544,0,0
0,3543,0,0
0,3542,0,0
0,3541,0,0
0,3540,0,0
0,3539,0,0
0,3538,0,0
0,3537,0,0
0,3536,0,0
0,3535,0,0
0,3534,0,0
0,3533,0,0
0,3532,0,0
0,3531,0,0
0,3530,0,0
0,3529,0,0
0,3528,0,0
0,3527,0,0
0,3526,0,0
0,3525,0,0
0,3524,0,0
0,3523,0,0
0,3522,0,0
0,3521,0,0
0,3520,0,0
0,3519,0,0
0,3518,0,0
0,3517,0,0
0,3516,0,0
0,3515,0,0
0,3514,0,0
0,3513,0,0
0,3512,0,0
0,3511,0,0
0,3510,0,0
0,3509,0,0
0,3508,0,0
0,3507,0,0
0,3506,0,0
0,3505,0,0
0,3504,0,0
0,3503,0,0
0,3502,0,0
0,3501,0,0
0,3500,0,0
0,3499,0,0
0,3498,0,0
0,3497,0,0
0,3496,0,0
0,3495,0,0
0,3494,0,0
0,3493,0,0
0,3492,0,0
0,3491,0,0
0,3490,0,0
0,3489,0,0
0,3488,0,0
0,3487,0,0
0,3486,0,0
0,3485,0,0
0,3484,0,0
0,3483,0,0
0,3482,0,0
0,3481,0,0
0,3480,0,0
0,3479,0,0
0,3478,0,0
0,3477,0,0
0,3476,0,0
0,3475,0,0
0,3474,0,0
0,3473,0,0
0,3472,0,0
0,3471,0,0
0,3470,0,0
0,3469,0,0
0,3468,0,0
0,3467,0,0
0,3466,0,0
0,3465,0,0
0,3464,0,0
0,3463,0,0
0,3462,0,0
0,3461,0,0
0,3460,0,0
0,3459,0,0
0,3458,0,0
0,3457,0,0
0,3456,0,0
0,3455,0,0
0,3454,0,0
0,3453,0,0
0,3452,0,0
0,3451,0,0
0,3450,0,0
0,3449,0,0
0,3448,0,0
0,3447,0,0
0,3446,0,0
0,3445,0,0
0,3444,0,0
0,3443,0,0
0,3442,0,0
0,3441,0,0
0,3440,0,0
0,3439,0,0
0,3438,0,0
0,3437,0,0
0,3436,0,0
0,3435,0,0
0,3434,0,0
0,3433,0,0
0,3432,0,0
0,3431,0,0
0,3430,0,0
0,3429,0,0
0,3428,0,0
0,3427,0,0
0,3426,0,0
0,3425,0,0
0,3424,0,0
0,3423,0,0
0,3422,0,0
0,3421,0,0
0,3420,0,0
0,3419,0,0
0,3418,0,0
0,3417,0,0
0,3416,0,0
0,3415,0,0
0,3414,0,0
0,3413,0,0
0,3412,0,0
0,3411,0,0
0,3410,0,0
0,3409,0,0
0,3408,0,0
0,3407,0,0
0,3406,0,0
0,3405,0,0
0,3404,0,0
0,3403,0,0
0,3402,0,0
0,3401,0,0
0,3400,0,0
0,3399,0,0
0,3398,0,0
0,3397,0,0
0,3396,0,0
0,3395,0,0
0,3394,0,0
0,3393,0,0
0,3392,0,0
0,3391,0,0
0,3390,0,0
0,3389,0,0
0,3388,0,0
0,3387,0,0
0,3386,0,0
0,3385,0,0
0,3384,0,0
0,3383,0,0
0,3382,0,0
0,3381,0,0
0,3380,0,0
0,3379,0,0
0,3378,0,0
0,3377,0,0
0,3376,0,0
0,3375,0,0
0,3374,0,0
0,3373,0,0
0,3372,0,0
0,3371,0,0
0,3370,0,0
0,3369,0,0
0,3368,0,0
0,3367,0,0
0,3366,0,0
0,3365,0,0
0,3364,0,0
0,3363,0,0
0,3362,0,0
0,3361,0,0
0,3360,0,0
0,3359,0,0
0,3358,0,0
0,3357,0,0
0,3356,0,0
0,3355,0,0
0,3354,0,0
0,3353,0,0
0,3352,0,0
0,3351,0,0
0,3350,0,0
0,3349,0,0
0,3348,0,0
0,3347,0,0
0,3346,0,0
0,3345,0,0
0,3344,0,0
0,3343,0,0
0,3342,0,0
0,3341,0,0
0,3340,0,0
0,3339,0,0
0,3338,0,0
0,3337,0,0
0,3336,0,0
0,3335,0,0
0,3334,0,0
0,3333,0,0
0,3332,0,0
0,3331,0,0
0,3330,0,0
0,3329,0,0
0,3328,0,0
0,3327,0,0
0,3326,0,0
0,3325,0,0
0,3324,0,0
0,3323,0,0
0,3322,0,0
0,3321,0,0
0,3320,0,0
0,3319,0,0
0,3318,0,0
0,3317,0,0
0,3316,0,0
0,3315,0,0
0,3314,0,0
0,3313,0,0
0,3312,0,0
0,3311,0,0
0,3310,0,0
0,3309,0,0
0,3308,0,0
0,3307,0,0
0,3306,0,0
0,3305,0,0
0,3304,0,0
0,3303,0,0
0,3302,0,0
0,3301,0,0
0,3300,0,0
0,3299,0,0
0,3298,0,0
0,3297,0,0
0,3296,0,0
0,3295,0,0
0,3294,0,0
0,3293,0,0
0,3292,0,0
0,3291,0,0
0,3290,0,0
0,3289,0,0
0,3288,0,0
0,3287,0,0
0,3286,0,0
0,3285,0,0
0,3284,0,0
0,3283,0,0
0,3282,0,0
0,3281,0,0
0,3280,0,0
0,3279,0,0
0,3278,0,0
0,3277,0,0
0,3276,0,0
0,3275,0,0
0,3274,0,0
0,3273,0,0
0,3272,0,0
0,3271,0,0
0,3270,0,0
0,3269,0,0
0,3268,0,0
0,3267,0,0
0,3266,0,0
0,3265,0,0
0,3264,0,0
0,3263,0,0
0,3262,0,0
0,3261,0,0
0,3260,0,0
0,3259,0,0
0,3258,0,0
0,3257,0,0
0,3256,0,0
0,3255,0,0
0,3254,0,0
0,3253,0,0
0,3252,0,0
0,3251,0,0
0,3250,0,0
0,3249,0,0
0,3248,0,0
0,3247,0,0
0,3246,0,0
0,3245,0,0
0,3244,0,0
0,3243,0,0
0,3242,0,0
0,3241,0,0
0,3240,0,0
0,3239,0,0
0,3238,0,0
0,3237,0,0
0,3236,0,0
0,3235,0,0
0,3234,0,0
0,3233,0,0
0,3232,0,0
0,3231,0,0
0,3230,0,0
0,3229,0,0
0,3228,0,0
0,3227,0,0
0,3226,0,0
0,3225,0,0
0,3224,0,0
0,3223,0,0
0,3222,0,0
0,3221,0,0
0,3220,0,0
0,3219,0,0
0,3218,0,0
0,3217,0,0
0,3216,0,0
0,3215,0,0
0,3214,0,0
0,3213,0,0
0,3212,0,0
0,3211,0,0
0,3210,0,0
0,3209,0,0
0,3208,0,0
0,3207,0,0
0,3206,0,0
0,3205,0,0
0,3204,0,0
0,3203,0,0
0,3202,0,0
0,3201,0,0
0,3200,0,0
0,3199,0,0
0,3198,0,0
0,3197,0,0
0,3196,0,0
0,3195,0,0
0,3194,0,0
0,3193,0,0
0,3192,0,0
0,3191,0,0
0,3190,0,0
0,3189,0,0
0,3188,0,0
0,3187,0,0
0,3186,0,0
0,3185,0,0
0,3184,0,0
0,3183,0,0
0,3182,0,0
0,3181,0,0
0,3180,0,0
0,3179,0,0
0,3178,0,0
0,3177,0,0
0,3176,0,0
0,3175,0,0
0,3174,0,0
0,3173,0,0
0,3172,0,0
0,3171,0,0
0,3170,0,0
0,3169,0,0
0,3168,0,0
0,3167,0,0
0,3166,0,0
0,3165,0,0
0,3164,0,0
0,3163,0,0
0,3162,0,0
0,3161,0,0
0,3160,0,0
0,3159,0,0
0,3158,0,0
0,3157,0,0
0,3156,0,0
0,3155,0,0
0,3154,0,0
0,3153,0,0
0,3152,0,0
0,3151,0,0
0,3150,0,0
0,3149,0,0
0,3148,0,0
0,3147,0,0
0,3146,0,0
0,3145,0,0
0,3144,0,0
0,3143,0,0
0,3142,0,0
0,3141,0,0
0,3140,0,0
0,3139,0,0
0,3138,0,0
0,3137,0,0
0,3136,0,0
0,3135,0,0
0,3134,0,0
0,3133,0,0
0,3132,0,0
0,3131,0,0
0,3130,0,0
0,3129,0,0
0,3128,0,0
0,3127,0,0
0,3126,0,0
0,3125,0,0
0,3124,0,0
0,3123,0,0
0,3122,0,0
0,3121,0,0
0,3120,0,0
0,3119,0,0
0,3118,0,0
0,3117,0,0
0,3116,0,0
0,3115,0,0
3,3114,0,0
3,3113,0,0
3,3112,0,0
3,3111,0,0
3,3110,0,0
3,3109,0,0
3,3108,0,0
3,3107,0,0
3,3106,0,0
3,3105,0,0
3,3104,0,0
3,3103,0,0
3,3102,0,0
3,3101,0,0
3,3100,0,0
3,3099,0,0
3,3098,0,0
3,3097,0,0
3,3096,0,0
3,3095,0,0
3,3094,0,0
3,3093,0,0
3,3092,0,0
3,3091,0,0
3,3090,0,0
3,3089,0,0
3,3088,0,0
3,3087,0,0
3,3086,0,0
3,3085,0,0
3,3084,0,0
3,3083,0,0
3,3082,0,0
3,3081,0,0
3,3080,0,0
3,3079,0,0
3,3078,0,0
3,3077,0,0
3,3076,0,0
3,3075,0,0
3,3074,0,0
3,3073,0,0
3,3072,0,0
3,3071,0,0
3,3070,0,0
3,3069,0,0
3,3068,0,0
3,3067,0,0
3,3066,0,0
3,3065,0,0
3,3064,0,0
3,3063,0,0
3,3062,0,0
3,3061,0,0
3,3060,0,0
3,3059,0,0
3,3058,0,0
3,3057,0,0
3,3056,0,0
3,3055,0,0
3,3054,0,0
3,3053,0,0
3,3052,0,0
3,3051,0,0
3,3050,0,0
3,3049,0,0
3,3048,0,0
3,3047,0,0
3,3046,0,0
3,3045,0,0
3,3044,0,0
3,3043,0,0
3,3042,0,0
3,3041,0,0
3,3040,0,0
3,3039,0,0
3,3038,0,0
3,3037,0,0
3,3036,0,0
3,3035,0,0
3,3034,0,0
3,3033,0,0
3,3032,0,0
3,3031,0,0
3,3030,0,0
3,3029,0,0
3,3028,0,0
3,3027,0,0
3,3026,0,0
3,3025,0,0
3,3024,0,0
3,3023,0,0
3,3022,0,0
3,3021,0,0
3,3020,0,0
3,3019,0,0
3,3018,0,0
3,3017,0,0
3,3016,0,0
3,3015,0,0
3,3014,0,0
4,3013,0,0
4,3012,0,0
4,3011,0,0
4,3010,0,0
4,3009,0,0
4,3008,0,0
4,3007,0,0
4,3006,0,0
4,3005,0,0
4,3004,0,0
4,3003,0,0
4,3002,0,0
4,3001,0,0
4,3000,0,0
4,2999,0,0
4,2998,0,0
4,2997,0,0
4,2996,0,0
4,2995,0,0
4,2994,0,0
4,2993,0,0
4,2992,0,0
4,2991,0,0
4,2990,0,0
4,2989,0,0
4,2988,0,0
4,2987,0,0
4,2986,0,0
4,2985,0,0
4,2984,0,0
4,2983,0,0
4,2982,0,0
4,2981,0,0
4,2980,0,0
4,2979,0,0
4,2978,0,0
4,2977,0,0
4,2976,0,0
4,2975,0,0
4,2974,0,0
4,2973,0,0
4,2972,0,0
4,2971,0,0
4,2970,0,0
4,2969,0,0
4,2968,0,0
4,2967,0,0
4,2966,0,0
4,2965,0,0
4,2964,0,0
4,2963,0,0
4,2962,0,0
4,2961,0,0
4,2960,0,0
4,2959,0,0
4,2958,0,0
4,2957,0,0
4,2956,0,0
4,2955,0,0
4,2954,0,0
4,2953,0,0
4,2952,0,0
4,2951,0,0
4,2950,0,0
4,2949,0,0
4,2948,0,0
4,2947,0,0
4,2946,0,0
4,2945,0,0
4,2944,0,0
4,2943,0,0
4,2942,0,0
4,2941,0,0
4,2940,0,0
4,2939,0,0
4,2938,0,0
4,2937,0,0
4,2936,0,0
4,2935,0,0
4,2934,0,0
4,2933,0,0
4,2932,0,0
4,2931,0,0
4,2930,0,0
4,2929,0,0
4,2928,0,0
4,2927,0,0
4,2926,0,0
4,2925,0,0
4,2924,0,0
4,2923,0,0
4,2922,0,0
4,2921,0,0
4,2920,0,0
4,2919,0,0
4,2918,0,0
4,2917,0,0
4,2916,0,0
4,2915,0,0
4,2914,0,0
4,2913,0,0
4,2912,0,0
4,2911,0,0
4,2910,0,0
4,2909,0,0
4,2908,0,0
4,2907,0,0
4,2906,0,0
4,2905,0,0
4,2904,0,0
4,2903,0,0
4,2902,0,0
4,2901,0,0
4,2900,0,0
4,2899,0,0
4,2898,0,0
4,2897,0,0
4,2896,0,0
4,2895,0,0
4,2894,0,0
4,2893,0,0
4,2892,0,0
4,2891,0,0
4,2890,0,0
4,2889,0,0
4,2888,0,0
4,2887,0,0
4,2886,0,0
4,2885,0,0
4,2884,0,0
4,2883,0,0
4,2882,0,0
4,2881,0,0
4,2880,0,0
4,2879,0,0
4,2878,0,0
4,2877,0,0
4,2876,0,0
4,2875,0,0
4,2874,0,0
4,2873,0,0
4,2872,0,0
4,2871,0,0
4,2870,0,0
4,2869,0,0
4,2868,0,0
4,2867,0,0
4,2866,0,0
4,2865,0,0
4,2864,0,0
4,2863,0,0
4,2862,0,0
4,2861,0,0
4,2860,0,0
4,2859,0,0
4,2858,0,0
4,2857,0,0
4,2856,0,0
4,2855,0,0
4,2854,0,0
4,2853,0,0
4,2852,0,0
4,2851,0,0
4,2850,0,0
4,2849,0,0
4,2848,0,0
4,2847,0,0
4,2846,0,0
4,2845,0,0
4,2844,0,0
4,2843,0,0
4,2842,0,0
4,2841,0,0
4,2840,0,0
4,2839,0,0
4,2838,0,0
4,2837,0,0
4,2836,0,0
4,2835,0,0
4,2834,0,0
4,2833,0,0
4,2832,0,0
4,2831,0,0
4,2830,0,0
4,2829,0,0
4,2828,0,0
4,2827,0,0
4,2826,0,0
4,2825,0,0
4,2824,0,0
4,2823,0,0
4,2822,0,0
4,2821,0,0
4,2820,0,0
4,2819,0,0
4,2818,0,0
4,2817,0,0
4,2816,0,0
4,2815,0,0
4,2814,0,0
4,2813,0,0
4,2812,0,0
4,2811,0,0
4,2810,0,0
4,2809,0,0
4,2808,0,0
4,2807,0,0
4,2806,0,0
4,2805,0,0
4,2804,0,0
4,2803,0,0
4,2802,0,0
4,2801,0,0
4,2800,0,0
4,2799,0,0
4,2798,0,0
4,2797,0,0
4,2796,0,0
4,2795,0,0
4,2794,0,0
4,2793,0,0
4,2792,0,0
4,2791,0,0
4,2790,0,0
4,2789,0,0
4,2788,0,0
4,2787,0,0
4,2786,0,0
4,2785,0,0
4,2784,0,0
4,2783,0,0
4,2782,0,0
4,2781,0,0
4,2780,0,0
4,2779,0,0
4,2778,0,0
4,2777,0,0
4,2776,0,0
4,2775,0,0
4,2774,0,0
4,2773,0,0
4,2772,0,0
4,2771,0,0
4,2770,0,0
4,2769,0,0
4,2768,0,0
4,2767,0,0
4,2766,0,0
4,2765,0,0
4,2764,0,0
4,2763,0,0
4,2762,0,0
4,2761,0,0
4,2760,0,0
4,2759,0,0
4,2758,0,0
4,2757,0,0
4,2756,0,0
4,2755,0,0
4,2754,0,0
4,2753,0,0
4,2752,0,0
4,2751,0,0
4,2750,0,0
4,2749,0,0
4,2748,0,0
4,2747,0,0
4,2746,0,0
4,2745,0,0
4,2744,0,0
4,2743,0,0
4,2742,0,0
4,2741,0,0
4,2740,0,0
4,2739,0,0
4,2738,0,0
4,2737,0,0
4,2736,0,0
4,2735,0,0
4,2734,0,0
4,2733,0,0
4,2732,0,0
4,2731,0,0
4,2730,0,0
4,2729,0,0
4,2728,0,0
4,2727,0,0
4,2726,0,0
4,2725,0,0
4,2724,0,0
4,2723,0,0
4,2722,0,0
4,2721,0,0
4,2720,0,0
4,2719,0,0
4,2718,0,0
4,2717,0,0
4,2716,0,0
4,2715,0,0
4,2714,0,0
4,2713,0,0
4,2712,0,0
4,2711,0,0
4,2710,0,0
4,2709,0,0
4,2708,0,0
4,2707,0,0
4,2706,0,0
4,2705,0,0
4,2704,0,0
4,2703,0,0
4,2702,0,0
4,2701,0,0
4,2700,0,0
4,2699,0,0
4,2698,0,0
4,2697,0,0
4,2696,0,0
4,2695,0,0
4,2694,0,0
4,2693,0,0
4,2692,0,0
4,2691,0,0
4,2690,0,0
4,2689,0,0
4,2688,0,0
4,2687,0,0
4,2686,0,0
4,2685,0,0
4,2684,0,0
4,2683,0,0
4,2682,0,0
4,2681,0,0
4,2680,0,0
4,2679,0,0
4,2678,0,0
4,2677,0,0
4,2676,0,0
4,2675,0,0
4,2674,0,0
4,2673,0,0
4,2672,0,0
4,2671,0,0
4,2670,0,0
4,2669,0,0
4,2668,0,0
4,2667,0,0
4,2666,0,0
4,2665,0,0
4,2664,0,0
4,2663,0,0
4,2662,0,0
4,2661,0,0
4,2660,0,0
4,2659,0,0
4,2658,0,0
4,2657,0,0
4,2656,0,0
4,2655,0,0
4,2654,0,0
4,2653,0,0
4,2652,0,0
4,2651,0,0
4,2650,0,0
4,2649,0,0
4,2648,0,0
4,2647,0,0
4,2646,0,0
4,2645,0,0
4,2644,0,0
4,2643,0,0
4,2642,0,0
4,2641,0,0
4,2640,0,0
4,2639,0,0
4,2638,0,0
4,2637,0,0
4,2636,0,0
4,2635,0,0
4,2634,0,0
4,2633,0,0
4,2632,0,0
4,2631,0,0
4,2630,0,0
4,2629,0,0
4,2628,0,0
4,2627,0,0
4,2626,0,0
4,2625,0,0
4,2624,0,0
4,2623,0,0
4,2622,0,0
4,2621,0,0
4,2620,0,0
4,2619,0,0
4,2618,0,0
4,2617,0,0
4,2616,0,0
4,2615,0,0
4,2614,0,0
4,2613,0,0
4,2612,0,0
4,2611,0,0
4,2610,0,0
4,2609,0,0
4,2608,0,0
4,2607,0,0
4,2606,0,0
4,2605,0,0
4,2604,0,0
4,2603,0,0
4,2602,0,0
4,2601,0,0
4,2600,0,0
5,2599,0,0
5,2598,0,0
5,2597,0,0
5,2596,0,0
5,2595,0,0
5,2594,0,0
5,2593,0,0
5,2592,0,0
5,2591,0,0
5,2590,0,0
5,2589,0,0
5,2588,0,0
5,2587,0,0
5,2586,0,0
5,2585,0,0
5,2584,0,0
5,2583,0,0
5,2582,0,0
5,2581,0,0
5,2580,0,0
5,2579,0,0
5,2578,0,0
5,2577,0,0
5,2576,0,0
5,2575,0,0
5,2574,0,0
5,2573,0,0
5,2572,0,0
5,2571,0,0
5,2570,0,0
5,2569,0,0
5,2568,0,0
5,2567,0,0
5,2566,0,0
5,2565,0,0
5,2564,0,0
5,2563,0,0
5,2562,0,0
5,2561,0,0
5,2560,0,0
5,2559,0,0
5,2558,0,0
5,2557,0,0
5,2556,0,0
5,2555,0,0
5,2554,0,0
5,2553,0,0
5,2552,0,0
5,2551,0,0
5,2550,0,0
5,2549,0,0
5,2548,0,0
5,2547,0,0
5,2546,0,0
5,2545,0,0
5,2544,0,0
5,2543,0,0
5,2542,0,0
5,2541,0,0
5,2540,0,0
5,2539,0,0
5,2538,0,0
5,2537,0,0
5,2536,0,0
5,2535,0,0
5,2534,0,0
5,2533,0,0
5,2532,0,0
5,2531,0,0
5,2530,0,0
5,2529,0,0
5,2528,0,0
5,2527,0,0
5,2526,0,0
5,2525,0,0
5,2524,0,0
5,2523,0,0
5,2522,0,0
5,2521,0,0
5,2520,0,0
5,2519,0,0
5,2518,0,0
5,2517,0,0
5,2516,0,0
5,2515,0,0
5,2514,0,0
5,2513,0,0
5,2512,0,0
5,2511,0,0
5,2510,0,0
5,2509,0,0
5,2508,0,0
5,2507,0,0
5,2506,0,0
5,2505,0,0
5,2504,0,0
5,2503,0,0
5,2502,0,0
5,2501,0,0
5,2500,0,0
5,2499,0,0
5,2498,0,0
5,2497,0,0
5,2496,0,0
5,2495,0,0
5,2494,0,0
5,2493,0,0
5,2492,0,0
5,2491,0,0
5,2490,0,0
5,2489,0,0
5,2488,0,0
5,2487,0,0
5,2486,0,0
5,2485,0,0
5,2484,0,0
5,2483,0,0
5,2482,0,0
5,2481,0,0
5,2480,0,0
5,2479,0,0
5,2478,0,0
5,2477,0,0
5,2476,0,0
5,2475,0,0
5,2474,0,0
5,2473,0,0
5,2472,0,0
5,2471,0,0
5,2470,0,0
5,2469,0,0
5,2468,0,0
5,2467,0,0
5,2466,0,0
5,2465,0,0
5,2464,0,0
5,2463,0,0
5,2462,0,0
5,2461,0,0
5,2460,0,0
5,2459,0,0
5,2458,0,0
5,2457,0,0
5,2456,0,0
5,2455,0,0
5,2454,0,0
5,2453,0,0
5,2452,0,0
5,2451,0,0
5,2450,0,0
5,2449,0,0
5,2448,0,0
5,2447,0,0
5,2446,0,0
5,2445,0,0
5,2444,0,0
5,2443,0,0
5,2442,0,0
5,2441,0,0
5,2440,0,0
5,2439,0,0
5,2438,0,0
5,2437,0,0
5,2436,0,0
5,2435,0,0
5,2434,0,0
5,2433,0,0
5,2432,0,0
5,2431,0,0
5,2430,0,0
5,2429,0,0
5,2428,0,0
5,2427,0,0
5,2426,0,0
5,2425,0,0
5,2424,0,0
5,2423,0,0
5,2422,0,0
5,2421,0,0
5,2420,0,0
5,2419,0,0
5,2418,0,0
5,2417,0,0
5,2416,0,0
5,2415,0,0
5,2414,0,0
5,2413,0,0
5,2412,0,0
5,2411,0,0
5,2410,0,0
5,2409,0,0
5,2408,0,0
5,2407,0,0
5,2406,0,0
5,2405,0,0
5,2404,0,0
5,2403,0,0
5,2402,0,0
5,2401,0,0
5,2400,0,0
5,2399,0,0
5,2398,0,0
5,2397,0,1
6,2396,0,0
6,2395,0,0
6,2394,0,0
6,2393,0,0
6,2392,0,0
6,2391,0,0
6,2390,0,0
6,2389,0,0
6,2388,0,0
6,2387,0,0
6,2386,0,0
6,2385,0,0
6,2384,0,0
6,2383,0,0
6,2382,0,0
6,2381,0,0
6,2380,0,0
6,2379,0,0
6,2378,0,0
6,2377,0,0
6,2376,0,0
6,2375,0,0
6,2374,0,0
6,2373,0,0
6,2372,0,0
6,2371,0,0
6,2370,0,0
6,2369,0,0
6,2368,0,0
6,2367,0,0
6,2366,0,0
6,2365,0,0
6,2364,0,0
6,2363,0,0
6,2362,0,0
6,2361,0,0
6,2360,0,0
6,2359,0,0
6,2358,0,0
6,2357,0,0
6,2356,0,0
6,2355,0,0
6,2354,0,0
6,2353,0,0
6,2352,0,0
6,2351,0,0
6,2350,0,0
6,2349,0,0
6,2348,0,0
6,2347,0,0
6,2346,0,0
6,2345,0,0
6,2344,0,0
6,2343,0,0
6,2342,0,0
6,2341,0,0
6,2340,0,0
6,2339,0,0
6,2338,0,0
6,2337,0,0
6,2336,0,0
6,2335,0,0
6,2334,0,0
6,2333,0,0
6,2332,0,0
6,2331,0,0
6,2330,0,0
6,2329,0,0
6,2328,0,0
6,2327,0,0
6,2326,0,0
6,2325,0,0
6,2324,0,0
6,2323,0,0
6,2322,0,0
6,2321,0,0
6,2320,0,0
6,2319,0,0
6,2318,0,0
6,2317,0,0
6,2316,0,0
6,2315,0,0
6,2314,0,0
6,2313,0,0
6,2312,0,0
6,2311,0,0
6,2310,0,0
6,2309,0,0
6,2308,0,0
6,2307,0,0
6,2306,0,0
6,2305,0,0
6,2304,0,0
6,2303,0,0
6,2302,0,0
6,2301,0,0
6,2300,0,0
6,2299,0,0
6,2298,0,0
6,2297,0,0
6,2296,0,0
6,2295,0,0
6,2294,0,0
6,2293,0,0
6,2292,0,0
6,2291,0,0
6,2290,0,0
6,2289,0,0
6,2288,0,0
6,2287,0,0
6,2286,0,0
6,2285,0,0
6,2284,0,0
6,2283,0,0
6,2282,0,0
6,2281,0,0
6,2280,0,0
6,2279,0,0
6,2278,0,0
6,2277,0,0
6,2276,0,0
6,2275,0,0
6,2274,0,0
6,2273,0,0
6,2272,0,0
6,2271,0,0
6,2270,0,0
6,2269,0,0
6,2268,0,0
6,2267,0,0
6,2266,0,0
6,2265,0,0
6,2264,0,0
6,2263,0,0
6,2262,0,0
6,2261,0,0
6,2260,0,0
6,2259,0,0
6,2258,0,0
6,2257,0,0
6,2256,0,0
6,2255,0,0
6,2254,0,0
6,2253,0,0
6,2252,0,0
6,2251,0,0
6,2250,0,0
6,2249,0,0
6,2248,0,0
6,2247,0,0
6,2246,0,0
6,2245,0,0
6,2244,0,0
6,2243,0,0
6,2242,0,0
6,2241,0,0
6,2240,0,0
6,2239,0,0
6,2238,0,0
6,2237,0,0
6,2236,0,0
6,2235,0,0
6,2234,0,0
6,2233,0,0
6,2232,0,0
6,2231,0,0
6,2230,0,0
6,2229,0,0
6,2228,0,0
6,2227,0,0
6,2226,0,0
6,2225,0,0
6,2224,0,0
6,2223,0,0
6,2222,0,0
6,2221,0,0
6,2220,0,0
6,2219,0,0
6,2218,0,0
6,2217,0,0
6,2216,0,0
6,2215,0,0
6,2214,0,0
6,2213,0,0
6,2212,0,0
6,2211,0,0
6,2210,0,0
6,2209,0,0
6,2208,0,0
6,2207,0,0
6,2206,0,0
6,2205,0,0
6,2204,0,0
6,2203,0,0
6,2202,0,0
6,2201,0,0
6,2200,0,0
6,2199,0,0
6,2198,0,0
6,2197,0,0
6,2196,0,0
6,2195,0,0
6,2194,0,0
7,2193,0,0
7,2192,0,0
7,2191,0,0
7,2190,0,0
7,2189,0,0
7,2188,0,0
7,2187,0,0
7,2186,0,0
7,2185,0,0
7,2184,0,0
7,2183,0,0
7,2182,0,0
7,2181,0,0
7,2180,0,0
7,2179,0,0
7,2178,0,0
7,2177,0,0
7,2176,0,0
7,2175,0,0
7,2174,0,0
7,2173,0,0
7,2172,0,0
7,2171,0,0
7,2170,0,0
7,2169,0,0
7,2168,0,0
7,2167,0,0
7,2166,0,0
7,2165,0,0
7,2164,0,0
7,2163,0,0
7,2162,0,0
7,2161,0,0
7,2160,0,0
7,2159,0,0
7,2158,0,0
7,2157,0,0
7,2156,0,0
7,2155,0,0
7,2154,0,0
7,2153,0,0
7,2152,0,0
7,2151,0,0
7,2150,0,0
7,2149,0,0
7,2148,0,0
7,2147,0,0
7,2146,0,0
7,2145,0,0
7,2144,0,0
7,2143,0,0
7,2142,0,0
7,2141,0,0
7,2140,0,0
7,2139,0,0
7,2138,0,0
7,2137,0,0
7,2136,0,0
7,2135,0,0
7,2134,0,0
7,2133,0,0
7,2132,0,0
7,2131,0,0
7,2130,0,0
7,2129,0,0
7,2128,0,0
7,2127,0,0
7,2126,0,0
7,2125,0,0
7,2124,0,0
7,2123,0,0
7,2122,0,0
7,2121,0,0
7,2120,0,0
7,2119,0,0
7,2118,0,0
7,2117,0,0
7,2116,0,0
7,2115,0,0
7,2114,0,0
7,2113,0,0
7,2112,0,0
7,2111,0,0
7,2110,0,0
7,2109,0,0
7,2108,0,0
7,2107,0,0
7,2106,0,0
7,2105,0,0
7,2104,0,0
7,2103,0,0
7,2102,0,0
7,2101,0,0
7,2100,0,0
7,2099,0,0
7,2098,0,0
7,2097,0,0
7,2096,0,0
7,2095,0,0
7,2094,0,0
7,2093,0,0
7,2092,0,0
7,2091,0,0
7,2090,0,0
7,2089,0,0
7,2088,0,0
7,2087,0,0
7,2086,0,0
7,2085,0,0
7,2084,0,0
7,2083,0,0
7,2082,0,0
7,2081,0,0
7,2080,0,0
7,2079,0,0
7,2078,0,0
7,2077,0,0
7,2076,0,0
7,2075,0,0
7,2074,0,0
7,2073,0,0
7,2072,0,0
7,2071,0,0
7,2070,0,0
7,2069,0,0
7,2068,0,0
7,2067,0,0
7,2066,0,0
7,2065,0,0
7,2064,0,0
7,2063,0,0
7,2062,0,0
7,2061,0,0
7,2060,0,0
7,2059,0,0
7,2058,0,0
7,2057,0,0
7,2056,0,0
7,2055,0,0
7,2054,0,0
7,2053,0,0
7,2052,0,0
7,2051,0,0
7,2050,0,0
7,2049,0,0
7,2048,0,0
7,2047,0,0
7,2046,0,0
7,2045,0,0
7,2044,0,0
7,2043,0,0
7,2042,0,0
7,2041,0,0
7,2040,0,0
7,2039,0,0
7,2038,0,0
7,2037,0,0
7,2036,0,0
7,2035,0,0
7,2034,0,0
7,2033,0,0
7,2032,0,0
7,2031,0,0
7,2030,0,0
7,2029,0,0
7,2028,0,0
7,2027,0,0
7,2026,0,0
7,2025,0,0
7,2024,0,0
7,2023,0,0
7,2022,0,0
7,2021,0,0
7,2020,0,0
7,2019,0,0
7,2018,0,0
7,2017,0,0
7,2016,0,0
7,2015,0,0
7,2014,0,0
7,2013,0,0
7,2012,0,0
7,2011,0,0
7,2010,0,0
7,2009,0,0
7,2008,0,0
7,2007,0,0
7,2006,0,0
7,2005,0,0
7,2004,0,0
7,2003,0,0
7,2002,0,0
7,2001,0,0
7,2000,0,0
7,1999,0,0
7,1998,0,0
7,1997,0,0
7,1996,0,0
7,1995,0,0
7,1994,0,0
7,1993,0,0
7,1992,0,0
7,1991,0,0
7,1990,0,0
7,1989,0,0
7,1988,0,0
7,1987,0,0
7,1986,0,0
7,1985,0,0
7,1984,0,0
7,1983,0,0
7,1982,0,0
7,1981,0,0
7,1980,0,0
7,1979,0,0
7,1978,0,0
7,1977,0,0
7,1976,0,0
7,1975,0,0
7,1974,0,0
7,1973,0,0
7,1972,0,0
7,1971,0,0
8,1970,0,0
8,1969,0,0
8,1968,0,0
8,1967,0,0
8,1966,0,0
8,1965,0,0
8,1964,0,0
8,1963,0,0
8,1962,0,0
8,1961,0,0
8,1960,0,0
8,1959,0,0
8,1958,0,0
8,1957,0,0
8,1956,0,0
8,1955,0,0
8,1954,0,0
8,1953,0,0
8,1952,0,0
8,1951,0,0
8,1950,0,0
8,1949,0,0
8,1948,0,0
8,1947,0,0
8,1946,0,0
8,1945,0,0
8,1944,0,0
8,1943,0,0
8,1942,0,0
8,1941,0,0
8,1940,0,0
8,1939,0,0
8,1938,0,0
8,1937,0,0
8,1936,0,0
8,1935,0,0
8,1934,0,0
8,1933,0,0
8,1932,0,0
8,1931,0,0
8,1930,0,0
8,1929,0,0
8,1928,0,0
8,1927,0,0
8,1926,0,0
8,1925,0,0
8,1924,0,0
8,1923,0,0
8,1922,0,0
8,1921,0,0
8,1920,0,0
8,1919,0,0
8,1918,0,0
8,1917,0,0
8,1916,0,0
8,1915,0,0
8,1914,0,0
8,1913,0,0
8,1912,0,0
8,1911,0,0
8,1910,0,0
8,1909,0,0
8,1908,0,0
8,1907,0,0
8,1906,0,0
8,1905,0,0
8,1904,0,0
8,1903,0,0
8,1902,0,0
8,1901,0,0
8,1900,0,0
8,1899,0,0
8,1898,0,0
8,1897,0,0
8,1896,0,0
8,1895,0,0
8,1894,0,0
8,1893,0,0
8,1892,0,0
8,1891,0,0
8,1890,0,0
8,1889,0,0
8,1888,0,0
8,1887,0,0
8,1886,0,0
8,1885,0,0
8,1884,0,0
8,1883,0,0
8,1882,0,0
8,1881,0,0
8,1880,0,0
8,1879,0,0
8,1878,0,0
8,1877,0,0
8,1876,0,0
8,1875,0,0
8,1874,0,0
8,1873,0,0
8,1872,0,0
8,1871,0,0
8,1870,0,0
8,1869,0,0
8,1868,0,0
8,1867,0,0
8,1866,0,0
8,1865,0,0
8,1864,0,0
8,1863,0,0
8,1862,0,0
8,1861,0,0
8,1860,0,0
8,1859,0,0
8,1858,0,0
8,1857,0,0
8,1856,0,0
8,1855,0,0
8,1854,0,0
8,1853,0,0
8,1852,0,0
8,1851,0,0
8,1850,0,0
8,1849,0,0
8,1848,0,0
8,1847,0,0
8,1846,0,0
8,1845,0,0
8,1844,0,0
8,1843,0,0
8,1842,0,0
8,1841,0,0
8,1840,0,0
8,1839,0,0
8,1838,0,0
8,1837,0,0
8,1836,0,0
8,1835,0,0
8,1834,0,0
8,1833,0,0
8,1832,0,0
8,1831,0,0
8,1830,0,0
8,1829,0,0
8,1828,0,0
8,1827,0,0
8,1826,0,0
8,1825,0,0
8,1824,0,0
8,1823,0,0
8,1822,0,0
8,1821,0,0
8,1820,0,0
8,1819,0,0
8,1818,0,0
8,1817,0,0
8,1816,0,0
8,1815,0,0
8,1814,0,0
8,1813,0,0
8,1812,0,0
8,1811,0,0
8,1810,0,0
8,1809,0,0
8,1808,0,0
8,1807,0,0
8,1806,0,0
8,1805,0,0
8,1804,0,0
8,1803,0,0
8,1802,0,0
8,1801,0,0
8,1800,0,0
8,1799,0,0
8,1798,0,0
8,1797,0,0
8,1796,0,0
8,1795,0,0
8,1794,0,0
8,1793,0,0
8,1792,0,0
8,1791,0,0
8,1790,0,0
8,1789,0,0
8,1788,0,0
8,1787,0,0
8,1786,0,0
8,1785,0,0
8,1784,0,0
8,1783,0,0
8,1782,0,0
8,1781,0,0
8,1780,0,0
8,1779,0,0
8,1778,0,0
8,1777,0,0
8,1776,0,0
8,1775,0,0
8,1774,0,0
8,1773,0,0
8,1772,0,0
8,1771,0,0
8,1770,0,0
8,1769,0,0
8,1768,0,0
8,1767,0,1
8,1766,0,1
9,1765,0,0
9,1764,0,0
9,1763,0,0
9,1762,0,0
9,1761,0,0
9,1760,0,0
9,1759,0,0
9,1758,0,0
9,1757,0,0
9,1756,0,0
9,1755,0,0
9,1754,0,0
9,1753,0,0
9,1752,0,0
9,1751,0,0
9,1750,0,0
9,1749,0,0
9,1748,0,0
9,1747,0,0
9,1746,0,0
9,1745,0,0
9,1744,0,0
9,1743,0,0
9,1742,0,0
9,1741,0,0
9,1740,0,0
9,1739,0,0
9,1738,0,0
9,1737,0,0
9,1736,0,0
9,1735,0,0
9,1734,0,0
9,1733,0,0
9,1732,0,0
9,1731,0,0
9,1730,0,0
9,1729,0,0
9,1728,0,0
9,1727,0,0
9,1726,0,0
9,1725,0,0
9,1724,0,0
9,1723,0,0
9,1722,0,0
9,1721,0,0
9,1720,0,0
9,1719,0,0
9,1718,0,0
9,1717,0,0
9,1716,0,0
9,1715,0,0
9,1714,0,0
9,1713,0,0
9,1712,0,0
9,1711,0,0
9,1710,0,0
9,1709,0,0
9,1708,0,0
9,1707,0,0
9,1706,0,0
9,1705,0,0
9,1704,0,0
9,1703,0,0
9,1702,0,0
9,1701,0,0
9,1700,0,0
9,1699,0,0
9,1698,0,0
9,1697,0,0
9,1696,0,0
9,1695,0,0
9,1694,0,0
9,1693,0,0
9,1692,0,0
9,1691,0,0
9,1690,0,0
9,1689,0,0
9,1688,0,0
9,1687,0,0
9,1686,0,0
9,1685,0,0
9,1684,0,0
9,1683,0,0
9,1682,0,0
9,1681,0,0
9,1680,0,0
9,1679,0,0
9,1678,0,0
9,1677,0,0
9,1676,0,0
9,1675,0,0
9,1674,0,0
9,1673,0,0
9,1672,0,0
9,1671,0,0
9,1670,0,0
9,1669,0,0
9,1668,0,0
9,1667,0,0
9,1666,0,0
9,1665,0,0
9,1664,0,0
9,1663,0,0
9,1662,0,0
9,1661,0,0
9,1660,0,0
9,1659,0,0
9,1658,0,0
9,1657,0,0
9,1656,0,0
9,1655,0,0
9,1654,0,0
9,1653,0,0
9,1652,0,0
9,1651,0,0
9,1650,0,0
9,1649,0,0
9,1648,0,0
9,1647,0,0
9,1646,0,0
9,1645,0,0
9,1644,0,0
9,1643,0,0
9,1642,0,0
9,1641,0,0
9,1640,0,0
9,1639,0,0
9,1638,0,0
9,1637,0,0
9,1636,0,0
9,1635,0,0
9,1634,0,0
9,1633,0,0
9,1632,0,0
9,1631,0,0
9,1630,0,0
9,1629,0,0
9,1628,0,0
10,1627,0,0
10,1626,0,0
10,1625,0,0
10,1624,0,0
10,1623,0,0
10,1622,0,0
10,1621,0,0
10,1620,0,0
10,1619,0,0
10,1618,0,0
10,1617,0,0
10,1616,0,0
10,1615,0,0
10,1614,0,0
10,1613,0,0
10,1612,0,0
10,1611,0,0
10,1610,0,0
10,1609,0,0
10,1608,0,0
10,1607,0,0
10,1606,0,0
10,1605,0,0
10,1604,0,0
10,1603,0,0
10,1602,0,0
10,1601,0,0
10,1600,0,0
10,1599,0,0
10,1598,0,0
10,1597,0,0
10,1596,0,0
10,1595,0,0
10,1594,0,0
10,1593,0,0
10,1592,0,0
10,1591,0,0
10,1590,0,0
10,1589,0,0
10,1588,0,0
10,1587,0,0
10,1586,0,0
10,1585,0,0
10,1584,0,0
10,1583,0,0
10,1582,0,0
10,1581,0,0
10,1580,0,0
10,1579,0,0
10,1578,0,0
10,1577,0,0
10,1576,0,0
10,1575,0,0
10,1574,0,0
10,1573,0,0
10,1572,0,0
10,1571,0,0
10,1570,0,0
10,1569,0,0
10,1568,0,0
10,1567,0,0
10,1566,0,0
10,1565,0,0
10,1564,0,0
10,1563,0,0
10,1562,0,0
10,1561,0,0
10,1560,0,0
10,1559,0,0
10,1558,0,0
10,1557,0,0
10,1556,0,0
10,1555,0,0
10,1554,0,0
10,1553,0,0
10,1552,0,0
10,1551,0,0
10,1550,0,0
10,1549,0,0
10,1548,0,0
10,1547,0,0
10,1546,0,0
10,1545,0,0
10,1544,0,0
10,1543,0,0
10,1542,0,0
10,1541,0,0
10,1540,0,0
10,1539,0,0
10,1538,0,0
10,1537,0,0
10,1536,0,0
10,1535,0,0
10,1534,0,0
10,1533,0,0
10,1532,0,0
10,1531,0,0
10,1530,0,0
10,1529,0,0
10,1528,0,0
10,1527,0,0
10,1526,0,0
10,1525,0,0
10,1524,0,1
10,1523,0,1
11,1522,0,0
11,1521,0,0
11,1520,0,0
11,1519,0,0
11,1518,0,0
11,1517,0,0
11,1516,0,0
11,1515,0,0
11,1514,0,0
11,1513,0,0
11,1512,0,0
11,1511,0,0
11,1510,0,0
11,1509,0,0
11,1508,0,0
11,1507,0,0
11,1506,0,0
11,1505,0,0
11,1504,0,0
11,1503,0,0
11,1502,0,0
11,1501,0,0
11,1500,0,0
11,1499,0,0
11,1498,0,0
11,1497,0,0
11,1496,0,0
11,1495,0,0
11,1494,0,0
11,1493,0,0
11,1492,0,0
11,1491,0,0
11,1490,0,0
11,1489,0,0
11,1488,0,0
11,1487,0,0
11,1486,0,0
11,1485,0,0
11,1484,0,0
11,1483,0,0
11,1482,0,0
11,1481,0,0
11,1480,0,0
11,1479,0,0
11,1478,0,0
11,1477,0,0
11,1476,0,0
11,1475,0,0
11,1474,0,0
11,1473,0,0
11,1472,0,0
11,1471,0,0
11,1470,0,0
11,1469,0,0
11,1468,0,0
11,1467,0,0
11,1466,0,0
11,1465,0,0
11,1464,0,0
11,1463,0,0
11,1462,0,0
11,1461,0,0
11,1460,0,0
11,1459,0,0
11,1458,0,0
11,1457,0,0
11,1456,0,0
11,1455,0,0
11,1454,0,0
11,1453,0,0
11,1452,0,0
11,1451,0,0
11,1450,0,0
11,1449,0,0
11,1448,0,0
11,1447,0,0
11,1446,0,0
11,1445,0,0
11,1444,0,0
11,1443,0,0
11,1442,0,0
11,1441,0,0
11,1440,0,0
11,1439,0,0
11,1438,0,0
11,1437,0,0
11,1436,0,0
11,1435,0,0
11,1434,0,0
11,1433,0,0
11,1432,0,0
11,1431,0,0
11,1430,0,0
11,1429,0,0
11,1428,0,0
11,1427,0,0
11,1426,0,0
11,1425,0,0
11,1424,0,0
11,1423,0,0
11,1422,0,0
11,1421,0,0
11,1420,0,0
11,1419,0,0
11,1418,0,0
11,1417,0,0
11,1416,0,0
11,1415,0,0
11,1414,0,0
11,1413,0,0
11,1412,0,0
11,1411,0,0
11,1410,0,0
11,1409,0,0
11,1408,0,0
11,1407,0,0
11,1406,0,0
11,1405,0,1
12,1404,0,0
12,1403,0,0
12,1402,0,0
12,1401,0,0
12,1400,0,0
12,1399,0,0
12,1398,0,0
12,1397,0,0
12,1396,0,0
12,1395,0,0
12,1394,0,0
12,1393,0,0
12,1392,0,0
12,1391,0,0
12,1390,0,0
12,1389,0,0
12,1388,0,0
12,1387,0,0
12,1386,0,0
12,1385,0,0
12,1384,0,0
12,1383,0,0
12,1382,0,0
12,1381,0,0
12,1380,0,0
12,1379,0,0
12,1378,0,0
12,1377,0,0
12,1376,0,0
12,1375,0,0
12,1374,0,0
12,1373,0,0
12,1372,0,0
12,1371,0,0
12,1370,0,0
12,1369,0,0
12,1368,0,0
12,1367,0,0
12,1366,0,0
12,1365,0,0
12,1364,0,0
12,1363,0,0
12,1362,0,0
12,1361,0,0
12,1360,0,0
12,1359,0,0
12,1358,0,0
12,1357,0,0
12,1356,0,0
12,1355,0,0
12,1354,0,0
12,1353,0,0
12,1352,0,0
12,1351,0,0
12,1350,0,0
12,1349,0,0
12,1348,0,0
12,1347,0,0
12,1346,0,0
12,1345,0,0
12,1344,0,0
12,1343,0,0
12,1342,0,0
12,1341,0,0
12,1340,0,0
12,1339,0,0
12,1338,0,0
12,1337,0,0
12,1336,0,0
12,1335,0,0
12,1334,0,0
12,1333,0,0
12,1332,0,0
12,1331,0,0
12,1330,0,0
12,1329,0,0
12,1328,0,0
12,1327,0,0
12,1326,0,0
12,1325,0,0
12,1324,0,0
12,1323,0,0
12,1322,0,0
12,1321,0,0
12,1320,0,0
12,1319,0,0
12,1318,0,0
12,1317,0,0
12,1316,0,0
12,1315,0,0
12,1314,0,0
12,1313,0,0
12,1312,0,0
12,1311,0,0
12,1310,0,0
12,1309,0,0
12,1308,0,0
12,1307,0,0
12,1306,0,0
12,1305,0,0
12,1304,0,0
12,1303,0,0
12,1302,0,0
12,1301,0,0
12,1300,0,0
12,1299,0,0
12,1298,0,0
12,1297,0,0
12,1296,0,0
12,1295,0,0
12,1294,0,0
12,1293,0,0
12,1292,0,0
12,1291,0,0
12,1290,0,0
12,1289,0,0
12,1288,0,0
12,1287,0,0
12,1286,0,0
12,1285,0,0
12,1284,0,0
12,1283,0,0
12,1282,0,0
12,1281,0,0
12,1280,0,0
12,1279,0,0
12,1278,0,0
12,1277,0,0
12,1276,0,0
12,1275,0,0
12,1274,0,0
12,1273,0,0
12,1272,0,0
12,1271,0,0
12,1270,0,0
12,1269,0,1
12,1268,0,1
12,1267,0,1
12,1266,0,1
12,1265,0,1
13,1264,0,0
13,1263,0,0
13,1262,0,0
13,1261,0,0
13,1260,0,0
13,1259,0,0
13,1258,0,0
13,1257,0,0
13,1256,0,0
13,1255,0,0
13,1254,0,0
13,1253,0,0
13,1252,0,0
13,1251,0,0
13,1250,0,0
13,1249,0,0
13,1248,0,0
13,1247,0,0
13,1246,0,0
13,1245,0,0
13,1244,0,0
13,1243,0,0
13,1242,0,0
13,1241,0,0
13,1240,0,0
13,1239,0,0
13,1238,0,0
13,1237,0,0
13,1236,0,0
13,1235,0,0
13,1234,0,0
13,1233,0,0
13,1232,0,0
13,1231,0,0
13,1230,0,0
13,1229,0,0
13,1228,0,0
13,1227,0,0
13,1226,0,0
13,1225,0,0
13,1224,0,0
13,1223,0,0
13,1222,0,0
13,1221,0,0
13,1220,0,0
13,1219,0,0
13,1218,0,0
13,1217,0,0
13,1216,0,0
13,1215,0,0
13,1214,0,0
13,1213,0,0
13,1212,0,0
13,1211,0,0
13,1210,0,0
13,1209,0,0
13,1208,0,0
13,1207,0,0
13,1206,0,0
13,1205,0,0
13,1204,0,0
13,1203,0,0
13,1202,0,0
13,1201,0,0
13,1200,0,0
13,1199,0,0
13,1198,0,0
13,1197,0,0
13,1196,0,0
13,1195,0,0
13,1194,0,0
13,1193,0,0
13,1192,0,0
13,1191,0,0
13,1190,0,0
13,1189,0,0
13,1188,0,0
13,1187,0,0
13,1186,0,0
13,1185,0,0
13,1184,0,0
13,1183,0,0
13,1182,0,0
13,1181,0,0
13,1180,0,0
13,1179,0,0
13,1178,0,0
13,1177,0,0
13,1176,0,0
13,1175,0,0
13,1174,0,0
13,1173,0,0
13,1172,0,0
13,1171,0,0
13,1170,0,0
13,1169,0,0
13,1168,0,0
13,1167,0,0
13,1166,0,0
13,1165,0,0
13,1164,0,0
13,1163,0,0
13,1162,0,0
13,1161,0,0
13,1160,0,0
13,1159,0,0
13,1158,0,0
13,1157,0,0
13,1156,0,0
13,1155,0,0
13,1154,0,0
13,1153,0,0
13,1152,0,0
13,1151,0,0
13,1150,0,0
13,1149,0,0
13,1148,0,0
13,1147,0,0
13,1146,0,0
13,1145,0,0
13,1144,0,0
13,1143,0,0
13,1142,0,1
13,1141,0,1
14,1140,0,0
14,1139,0,0
14,1138,0,0
14,1137,0,0
14,1136,0,0
14,1135,0,0
14,1134,0,0
14,1133,0,0
14,1132,0,0
14,1131,0,0
14,1130,0,0
14,1129,0,0
14,1128,0,0
14,1127,0,0
14,1126,0,0
14,1125,0,0
14,1124,0,0
14,1123,0,0
14,1122,0,0
14,1121,0,0
14,1120,0,0
14,1119,0,0
14,1118,0,0
14,1117,0,0
14,1116,0,0
14,1115,0,0
14,1114,0,0
14,1113,0,0
14,1112,0,0
14,1111,0,0
14,1110,0,0
14,1109,0,0
14,1108,0,0
14,1107,0,0
14,1106,0,0
14,1105,0,0
14,1104,0,0
14,1103,0,0
14,1102,0,0
14,1101,0,0
14,1100,0,0
14,1099,0,0
14,1098,0,0
14,1097,0,0
14,1096,0,0
14,1095,0,0
14,1094,0,0
14,1093,0,0
14,1092,0,0
14,1091,0,0
14,1090,0,0
14,1089,0,0
14,1088,0,0
14,1087,0,0
14,1086,0,0
14,1085,0,0
14,1084,0,0
14,1083,0,0
14,1082,0,0
14,1081,0,0
14,1080,0,0
14,1079,0,0
14,1078,0,0
14,1077,0,0
14,1076,0,0
14,1075,0,0
14,1074,0,0
14,1073,0,0
14,1072,0,0
14,1071,0,0
14,1070,0,0
14,1069,0,0
14,1068,0,0
14,1067,0,0
14,1066,0,0
14,1065,0,0
14,1064,0,0
14,1063,0,0
14,1062,0,0
14,1061,0,1
14,1060,0,1
15,1059,0,0
15,1058,0,0
15,1057,0,0
15,1056,0,0
15,1055,0,0
15,1054,0,0
15,1053,0,0
15,1052,0,0
15,1051,0,0
15,1050,0,0
15,1049,0,0
15,1048,0,0
15,1047,0,0
15,1046,0,0
15,1045,0,0
15,1044,0,0
15,1043,0,0
15,1042,0,0
15,1041,0,0
15,1040,0,0
15,1039,0,0
15,1038,0,0
15,1037,0,0
15,1036,0,0
15,1035,0,0
15,1034,0,0
15,1033,0,0
15,1032,0,0
15,1031,0,0
15,1030,0,0
15,1029,0,0
15,1028,0,0
15,1027,0,0
15,1026,0,0
15,1025,0,0
15,1024,0,0
15,1023,0,0
15,1022,0,0
15,1021,0,0
15,1020,0,0
15,1019,0,0
15,1018,0,0
15,1017,0,0
15,1016,0,0
15,1015,0,0
15,1014,0,0
15,1013,0,0
15,1012,0,0
15,1011,0,0
15,1010,0,0
15,1009,0,0
15,1008,0,0
15,1007,0,0
15,1006,0,0
15,1005,0,0
15,1004,0,0
16,1003,0,0
16,1002,0,0
16,1001,0,0
16,1000,0,0
16,999,0,0
16,998,0,0
16,997,0,0
16,996,0,0
16,995,0,0
16,994,0,0
16,993,0,0
16,992,0,0
16,991,0,0
16,990,0,0
16,989,0,0
16,988,0,0
16,987,0,0
16,986,0,0
16,985,0,0
16,984,0,0
16,983,0,0
16,982,0,0
16,981,0,0
16,980,0,0
16,979,0,0
16,978,0,0
16,977,0,0
16,976,0,1
17,975,0,0
17,974,0,0
17,973,0,0
17,972,0,0
17,971,0,0
17,970,0,0
17,969,0,0
17,968,0,0
17,967,0,0
17,966,0,0
17,965,0,0
17,964,0,0
17,963,0,0
17,962,0,0
17,961,0,0
17,960,0,0
17,959,0,0
17,958,0,0
17,957,0,0
17,956,0,0
17,955,0,0
17,954,0,0
17,953,0,0
17,952,0,0
17,951,0,0
17,950,0,0
17,949,0,0
17,948,0,0
17,947,0,0
17,946,0,0
17,945,0,0
17,944,0,0
17,943,0,0
17,942,0,0
17,941,0,0
17,940,0,0
17,939,0,0
17,938,0,0
17,937,0,0
17,936,0,0
18,935,0,0
18,934,0,0
18,933,0,0
18,932,0,0
18,931,0,0
18,930,0,0
18,929,0,0
18,928,0,0
18,927,0,0
18,926,0,0
18,925,0,0
18,924,0,0
18,923,0,0
18,922,0,0
18,921,0,0
18,920,0,0
18,919,0,0
18,918,0,0
18,917,0,0
18,916,0,0
18,915,0,0
18,914,0,0
18,913,0,0
18,912,0,0
18,911,0,0
18,910,0,0
18,909,0,0
18,908,0,0
18,907,0,0
18,906,0,0
18,905,0,0
18,904,0,0
18,903,0,0
19,902,0,0
19,901,0,0
19,900,0,0
19,899,0,0
19,898,0,0
19,897,0,0
19,896,0,0
19,895,0,0
19,894,0,0
19,893,0,0
19,892,0,0
19,891,0,0
19,890,0,0
19,889,0,0
19,888,0,0
19,887,0,0
19,886,0,0
19,885,0,0
19,884,0,0
19,883,0,0
19,882,0,0
19,881,0,0
19,880,0,0
19,879,0,0
19,878,0,0
19,877,0,0
19,876,0,0
19,875,0,0
19,874,0,0
19,873,0,0
19,872,0,0
19,871,0,0
19,870,0,0
19,869,0,0
19,868,0,0
19,867,0,0
19,866,0,0
19,865,0,0
19,864,0,0
19,863,0,0
19,862,0,0
19,861,0,0
19,860,0,0
19,859,0,0
19,858,0,0
19,857,0,0
19,856,0,0
19,855,0,0
19,854,0,0
19,853,0,0
19,852,0,0
19,851,0,0
19,850,0,0
19,849,0,0
19,848,0,0
19,847,0,0
19,846,0,0
19,845,0,0
19,844,0,0
19,843,0,0
19,842,0,0
19,841,0,0
19,840,0,0
19,839,0,0
19,838,0,0
19,837,0,0
19,836,0,0
19,835,0,0
19,834,0,0
19,833,0,0
19,832,0,0
19,831,0,0
19,830,0,0
19,829,0,0
19,828,0,0
19,827,0,0
19,826,0,0
19,825,0,0
19,824,0,0
19,823,0,0
19,822,0,1
20,821,0,0
20,820,0,0
20,819,0,0
20,818,0,0
20,817,0,0
20,816,0,0
20,815,0,0
20,814,0,0
20,813,0,0
20,812,0,0
20,811,0,0
20,810,0,0
20,809,0,0
20,808,0,0
20,807,0,0
20,806,0,0
20,805,0,0
20,804,0,0
20,803,0,0
20,802,0,0
20,801,0,0
20,800,0,0
20,799,0,0
20,798,0,0
20,797,0,0
20,796,0,0
20,795,0,0
20,794,0,0
20,793,0,0
20,792,0,0
20,791,0,0
20,790,0,0
20,789,0,0
20,788,0,0
20,787,0,0
20,786,0,0
20,785,0,0
20,784,0,0
20,783,0,0
20,782,0,0
20,781,0,0
20,780,0,0
20,779,0,0
20,778,0,0
20,777,0,0
20,776,0,0
20,775,0,0
20,774,0,0
20,773,0,0
20,772,0,0
20,771,0,0
20,770,0,0
20,769,0,0
20,768,0,0
20,767,0,1
21,766,0,0
21,765,0,0
21,764,0,0
21,763,0,0
21,762,0,0
21,761,0,0
21,760,0,0
21,759,0,0
21,758,0,0
21,757,0,0
21,756,0,0
21,755,0,0
21,754,0,0
21,753,0,0
21,752,0,0
21,751,0,0
21,750,0,0
21,749,0,0
21,748,0,0
21,747,0,0
21,746,0,0
21,745,0,0
21,744,0,0
21,743,0,0
21,742,0,0
21,741,0,0
21,740,0,0
21,739,0,0
21,738,0,0
21,737,0,0
21,736,0,0
21,735,0,0
21,734,0,0
21,733,0,0
21,732,0,0
21,731,0,1
21,730,0,1
22,729,0,0
22,728,0,0
22,727,0,0
22,726,0,0
22,725,0,0
22,724,0,0
22,723,0,0
22,722,0,0
22,721,0,0
22,720,0,0
22,719,0,0
22,718,0,0
22,717,0,0
22,716,0,0
22,715,0,0
22,714,0,0
22,713,0,0
22,712,0,0
22,711,0,0
22,710,0,0
22,709,0,0
22,708,0,0
23,707,0,0
23,706,0,0
23,705,0,0
23,704,0,0
23,703,0,0
23,702,0,0
23,701,0,0
23,700,0,0
23,699,0,0
23,698,0,0
23,697,0,0
23,696,0,0
23,695,0,0
23,694,0,0
23,693,0,0
23,692,0,0
23,691,0,0
23,690,0,0
23,689,0,0
23,688,0,0
23,687,0,0
23,686,0,0
23,685,0,0
23,684,0,0
23,683,0,0
23,682,0,0
23,681,0,0
23,680,0,0
23,679,0,0
23,678,0,0
23,677,0,0
23,676,0,0
23,675,0,0
23,674,0,0
23,673,0,0
23,672,0,0
23,671,0,0
23,670,0,0
23,669,0,0
23,668,0,0
23,667,0,0
23,666,0,0
23,665,0,0
23,664,0,0
23,663,0,0
23,662,0,0
23,661,0,0
23,660,0,0
23,659,0,0
23,658,0,0
23,657,0,0
23,656,0,0
23,655,0,0
23,654,0,0
23,653,0,0
23,652,0,0
23,651,0,0
23,650,0,0
23,649,0,0
23,648,0,0
23,647,0,0
23,646,0,0
23,645,0,0
23,644,0,0
23,643,0,0
23,642,0,0
23,641,0,0
23,640,0,0
23,639,0,0
23,638,0,0
23,637,0,0
23,636,0,0
23,635,0,0
23,634,0,0
23,633,0,0
23,632,0,0
23,631,0,0
23,630,0,0
23,629,0,0
23,628,0,0
23,627,0,0
23,626,0,0
23,625,0,0
23,624,0,0
23,623,0,0
24,622,0,0
24,621,0,0
24,620,0,0
24,619,0,0
24,618,0,0
24,617,0,0
24,616,0,0
24,615,0,0
24,614,0,0
24,613,0,0
24,612,0,0
24,611,0,0
24,610,0,0
24,609,0,0
24,608,0,0
24,607,0,0
24,606,0,0
24,605,0,0
24,604,0,0
24,603,0,0
24,602,0,0
24,601,0,0
25,600,0,0
25,599,0,0
25,598,0,0
25,597,0,0
25,596,0,0
25,595,0,0
25,594,0,0
25,593,0,0
25,592,0,0
25,591,0,0
25,590,0,0
25,589,0,0
25,588,0,0
25,587,0,0
25,586,0,0
25,585,0,0
25,584,0,0
25,583,0,0
25,582,0,1
26,581,0,0
26,580,0,0
26,579,0,0
26,578,0,0
26,577,0,0
26,576,0,0
26,575,0,0
26,574,0,0
26,573,0,0
26,572,0,0
27,571,0,0
27,570,0,0
27,569,0,0
27,568,0,0
27,567,0,0
27,566,0,0
27,565,0,0
27,564,0,0
27,563,0,0
27,562,0,0
27,561,0,0
27,560,0,0
27,559,0,0
27,558,0,0
27,557,0,0
27,556,0,0
27,555,0,0
27,554,0,0
27,553,0,0
27,552,0,0
27,551,0,0
27,550,0,0
27,549,0,0
27,548,0,0
27,547,0,0
27,546,0,0
27,545,0,0
27,544,0,0
27,543,0,0
27,542,0,0
27,541,0,0
27,540,0,0
27,539,0,0
27,538,0,0
27,537,0,0
27,536,0,0
28,535,0,0
28,534,0,0
28,533,0,0
28,532,0,0
28,531,0,0
28,530,0,0
28,529,0,0
28,528,0,0
28,527,0,0
28,526,0,0
28,525,0,0
29,524,0,0
29,523,0,0
29,522,0,0
29,521,0,0
29,520,0,0
29,519,0,0
29,518,0,0
29,517,0,0
29,516,0,0
29,515,0,0
29,514,0,0
29,513,0,0
29,512,0,0
29,511,0,0
29,510,0,0
29,509,0,0
29,508,0,0
30,507,0,0
30,506,0,0
30,505,0,0
30,504,0,0
30,503,0,0
30,502,0,0
30,501,0,0
30,500,0,0
30,499,0,0
30,498,0,0
30,497,0,0
30,496,0,0
30,495,0,0
30,494,0,0
30,493,0,1
31,492,0,0
31,491,0,0
31,490,0,0
31,489,0,0
31,488,0,0
31,487,0,0
31,486,0,0
31,485,0,0
31,484,0,0
31,483,0,0
31,482,0,0
31,481,0,0
31,480,0,0
31,479,0,0
31,478,0,0
31,477,0,0
32,476,0,0
32,475,0,0
32,474,0,0
32,473,0,0
32,472,0,0
32,471,0,0
32,470,0,0
32,469,0,0
33,468,0,0
33,467,0,0
33,466,0,0
33,465,0,0
33,464,0,1
33,463,0,1
34,462,0,0
34,461,0,0
34,460,0,0
34,459,0,0
34,458,0,0
34,457,0,0
34,456,0,0
34,455,0,0
34,454,0,0
34,453,0,0
34,452,0,1
34,451,0,1
35,450,0,0
35,449,0,0
35,448,0,0
35,447,0,0
35,446,0,0
35,445,0,0
35,444,0,0
35,443,0,0
35,442,0,0
35,441,0,0
36,440,0,0
36,439,0,0
36,438,0,0
36,437,0,0
36,436,0,0
36,435,0,0
36,434,0,0
36,433,0,0
36,432,0,0
36,431,0,0
36,430,0,0
36,429,0,0
36,428,0,0
36,427,0,0
36,426,0,0
36,425,0,0
36,424,0,0
36,423,0,0
36,422,0,0
36,421,0,0
36,420,0,0
36,419,0,0
36,418,0,0
36,417,0,0
36,416,0,0
36,415,0,0
36,414,0,0
36,413,0,0
36,412,0,0
36,411,0,0
36,410,0,0
36,409,0,0
36,408,0,0
36,407,0,0
36,406,0,0
36,405,0,0
36,404,0,0
36,403,0,0
36,402,0,0
36,401,0,0
36,400,0,0
36,399,0,0
36,398,0,0
36,397,0,0
36,396,0,0
36,395,0,0
36,394,0,0
36,393,0,0
36,392,0,0
37,391,0,0
37,390,0,0
37,389,0,0
37,388,0,0
37,387,0,0
37,386,0,0
37,385,0,0
37,384,0,0
37,383,0,0
37,382,0,0
37,381,0,0
37,380,0,0
37,379,0,0
37,378,0,0
37,377,0,0
37,376,0,1
37,375,0,1
38,374,0,0
38,373,0,0
38,372,0,0
38,371,0,0
38,370,0,0
38,369,0,0
38,368,0,0
38,367,0,0
38,366,0,0
38,365,0,0
38,364,0,0
38,363,0,0
38,362,0,0
38,361,0,0
39,360,0,0
39,359,0,0
39,358,0,0
39,357,0,0
39,356,0,0
39,355,0,0
39,354,0,0
39,353,0,0
39,352,0,0
39,351,0,0
39,350,0,1
39,349,0,1
39,348,0,1
39,347,0,1
39,346,0,1
39,345,0,1
39,344,0,1
39,343,0,1
39,342,0,1
39,341,0,1
39,340,0,1
39,339,0,1
39,338,0,1
39,337,0,1
39,336,0,1
39,335,0,1
39,334,0,1
40,333,0,0
40,332,0,0
40,331,0,0
40,330,0,0
40,329,0,0
40,328,0,0
40,327,0,0
40,326,0,0
40,325,0,0
40,324,0,0
40,323,0,0
40,322,0,0
40,321,0,0
40,320,0,0
41,319,0,0
41,318,0,0
41,317,0,0
41,316,0,0
41,315,0,0
41,314,0,0
41,313,0,0
41,312,0,0
41,311,0,0
41,310,0,0
42,309,0,0
42,308,0,0
42,307,0,0
42,306,0,0
42,305,0,0
42,304,0,0
43,303,0,0
43,302,0,0
43,301,0,0
43,300,0,0
43,299,0,0
43,298,0,0
43,297,0,0
43,296,0,0
43,295,0,0
43,294,0,0
43,293,0,0
43,292,0,0
43,291,0,0
43,290,0,0
43,289,0,0
43,288,0,0
43,287,0,0
43,286,0,0
43,285,0,0
43,284,0,0
44,283,0,0
44,282,0,0
44,281,0,0
44,280,0,0
44,279,0,0
44,278,0,0
44,277,0,0
44,276,0,0
44,275,0,0
44,274,0,0
44,273,0,0
44,272,0,1
44,271,0,1
46,270,0,0
46,269,0,0
46,268,0,0
46,267,0,0
46,266,0,0
46,265,0,0
46,264,0,0
46,263,0,0
47,262,0,0
47,261,0,0
47,260,0,0
47,259,0,0
47,258,0,0
48,257,0,0
48,256,0,0
48,255,0,0
48,254,0,0
48,253,0,0
48,252,0,0
48,251,0,0
48,250,0,0
48,249,0,0
48,248,0,0
48,247,0,0
48,246,0,0
48,245,0,0
48,244,0,0
48,243,0,0
48,242,0,0
48,241,0,0
48,240,0,0
48,239,0,0
48,238,0,0
48,237,0,0
48,236,0,1
49,235,0,0
49,234,0,0
49,233,0,0
49,232,0,0
49,231,0,0
49,230,0,0
49,229,0,1
50,228,0,0
50,227,0,0
50,226,0,0
50,225,0,0
50,224,0,0
50,223,0,0
50,222,0,0
50,221,0,0
50,220,0,0
50,219,0,0
50,218,0,0
50,217,0,0
50,216,0,0
50,215,0,0
50,214,0,0
50,213,0,0
50,212,0,0
50,211,0,0
50,210,0,0
50,209,0,0
50,208,0,0
50,207,0,0
50,206,0,0
50,205,0,0
50,204,0,0
50,203,0,0
50,202,0,0
50,201,0,0
50,200,0,0
50,199,0,0
50,198,0,0
50,197,0,0
51,196,0,0
51,195,0,0
51,194,0,0
51,193,0,0
52,192,0,0
52,191,0,0
52,190,0,0
52,189,0,0
52,188,0,0
52,187,0,0
52,186,0,1
53,185,0,0
53,184,0,0
54,183,0,0
54,182,0,0
54,181,0,0
54,180,0,0
54,179,0,0
54,178,0,0
54,177,0,0
54,176,0,0
54,175,0,0
54,174,0,0
54,173,0,0
54,172,0,0
54,171,0,0
54,170,0,0
54,169,0,0
54,168,0,0
54,167,0,0
54,166,0,0
54,165,0,0
54,164,0,0
54,163,0,0
54,162,0,0
54,161,0,0
54,160,0,0
54,159,0,0
54,158,0,0
54,157,0,0
54,156,0,0
54,155,0,0
54,154,0,0
54,153,0,0
54,152,0,0
54,151,0,0
54,150,0,0
54,149,0,0
54,148,0,0
54,147,0,0
55,146,0,0
55,145,0,1
57,144,0,0
57,143,0,0
57,142,0,0
58,141,0,0
58,140,0,0
58,139,0,0
58,138,0,0
58,137,0,0
58,136,0,0
58,135,0,0
59,134,0,0
59,133,0,0
60,132,0,0
60,131,0,0
60,130,0,0
61,129,0,0
61,128,0,0
62,127,0,0
62,126,0,0
62,125,0,0
62,124,0,0
63,123,0,0
63,122,0,0
63,121,0,0
63,120,0,0
64,119,0,0
64,118,0,0
66,117,0,0
66,116,0,0
66,115,0,0
66,114,0,0
66,113,0,1
67,112,0,0
67,111,0,0
67,110,0,0
67,109,0,0
67,108,0,0
67,107,0,0
67,106,0,0
67,105,0,0
67,104,0,0
67,103,0,0
67,102,0,0
67,101,0,0
67,100,0,0
67,99,0,0
67,98,0,0
67,97,0,0
67,96,0,1
67,95,0,1
67,94,0,1
67,93,0,1
69,92,0,0
69,91,0,0
70,90,0,0
70,89,0,0
70,88,0,0
70,87,0,0
71,86,0,0
71,85,0,0
71,84,0,0
71,83,0,0
72,82,0,0
72,81,0,0
72,80,0,0
72,79,0,0
74,78,0,0
74,77,0,0
74,76,0,0
77,75,0,0
77,74,0,0
77,73,0,0
78,72,0,0
78,71,0,0
78,70,0,0
78,69,0,0
78,68,0,0
79,67,0,0
79,66,0,0
79,65,0,0
81,64,0,0
81,63,0,0
84,62,0,0
84,61,0,0
85,60,0,0
85,59,0,0
85,58,0,0
86,57,0,0
87,56,0,0
87,55,0,0
87,54,0,0
87,53,0,0
88,52,0,0
88,51,0,0
88,50,0,0
88,49,0,0
88,48,0,0
88,47,0,0
90,46,0,0
90,45,0,0
91,44,0,0
91,43,0,0
91,42,0,1
95,41,0,0
95,40,0,0
100,39,0,0
100,38,0,0
100,37,0,0
102,36,0,0
103,35,0,0
106,34,0,0
107,33,0,0
107,32,0,0
109,31,0,0
109,30,0,0
111,29,0,0
112,28,0,0
114,27,0,0
118,26,0,0
118,25,0,0
127,24,0,0
127,23,0,0
133,22,0,0
136,21,0,0
136,20,0,0
146,19,0,1
148,18,0,0
151,17,0,0
151,16,0,0
152,15,0,0
152,14,0,0
198,13,0,0
198,12,0,0
202,11,0,0
202,10,0,0
205,9,0,0
205,8,0,0
214,7,0,0
214,6,0,0
214,5,0,0
231,4,0,1
386,3,0,0
386,2,0,0
578,1,0,1
